1	100.0	99.609375	0.0
2	100.0	96.953125	0.05
3	100.0	94.66145833333333	0.1
4	100.0	91.640625	0.15000000000000002
5	100.0	88.40625	0.2
6	100.0	85.84635416666667	0.25
7	100.0	83.125	0.3
8	95.0	80.732421875	0.35
9	100.0	78.99305555555556	0.35
10	95.0	76.9453125	0.39999999999999997
11	100.0	75.75994318181819	0.39999999999999997
12	100.0	73.66536458333333	0.44999999999999996
13	90.0	71.41225961538461	0.49999999999999994
14	90.0	69.62611607142857	0.49999999999999994
15	95.0	68.38541666666667	0.49999999999999994
16	95.0	67.3583984375	0.49999999999999994
17	100.0	66.65900735294117	0.49999999999999994
18	95.0	65.88541666666667	0.5499999999999999
19	90.0	65.06167763157895	0.5499999999999999
20	90.0	64.30859375	0.5499999999999999
21	95.0	63.80580357142857	0.5499999999999999
22	100.0	63.77770083102493	0.5499999999999999
23	90.0	62.95336787564767	0.6
24	90.0	61.89476885644769	0.6
25	85.0	60.794151376146786	0.6
26	90.0	59.864425162689805	0.6
27	95.0	59.099794238683124	0.6
28	95.0	58.613013698630134	0.6
29	90.0	58.06669776119403	0.6
30	95.0	57.422014260249554	0.6
31	90.0	56.94965870307167	0.6
32	90.0	56.65302782324059	0.6
33	90.0	56.33844339622642	0.6
34	85.0	55.88880484114977	0.6
35	90.0	55.559402332361515	0.6
36	90.0	55.38326300984529	0.6
37	95.0	55.205502717391305	0.6
38	95.0	55.004927726675426	0.6
39	95.0	54.86800254452926	0.6
40	95.0	54.74106041923551	0.6
41	95.0	54.60675837320574	0.6
42	100.0	55.01306620209059	0.6
43	90.0	55.01693002257336	0.65
44	95.0	54.98353457738749	0.65
45	95.0	54.82238247863248	0.65
46	90.0	54.600676378772114	0.65
47	100.0	54.35851926977688	0.65
48	75.0	53.975024727992086	0.7000000000000001
49	80.0	53.65830115830116	0.7000000000000001
50	75.0	53.30466540999058	0.7000000000000001
51	70.0	52.925874769797424	0.7000000000000001
52	90.0	52.60688568856886	0.7000000000000001
53	80.0	52.27882922535211	0.7000000000000001
54	90.0	51.948751076658056	0.7000000000000001
55	90.0	51.670531197301855	0.7000000000000001
56	85.0	51.48121387283237	0.7000000000000001
57	85.0	51.29348705501618	0.7000000000000001
58	90.0	51.113203806502774	0.7000000000000001
59	90.0	50.9156298600311	0.7000000000000001
60	90.0	50.73035850495805	0.7000000000000001
61	80.0	50.547342814371255	0.7000000000000001
62	90.0	50.56851579720794	0.7000000000000001
63	90.0	50.51136363636363	0.7000000000000001
64	90.0	50.45712260807937	0.7000000000000001
65	95.0	50.37778551532033	0.7000000000000001
66	90.0	50.224161533196444	0.7000000000000001
67	90.0	50.07654777927322	0.7000000000000001
68	85.0	49.8668100595632	0.7000000000000001
69	95.0	49.686686197916664	0.7000000000000001
70	100.0	49.56678411274824	0.7000000000000001
71	80.0	49.382881462799496	0.7500000000000001
72	85.0	49.09605834885164	0.7500000000000001
73	85.0	48.837866748166256	0.7500000000000001
74	80.0	48.59121011438892	0.7500000000000001
75	95.0	48.354833926453146	0.7500000000000001
76	80.0	48.1531268264173	0.7500000000000001
77	95.0	47.927707373271886	0.7500000000000001
78	90.0	47.71223736513345	0.7500000000000001
79	75.0	47.516097424412095	0.7500000000000001
80	75.0	47.30328547763666	0.7500000000000001
81	85.0	47.11192810457516	0.7500000000000001
82	85.0	47.15139709833423	0.7500000000000001
83	85.0	47.09239130434783	0.7500000000000001
84	95.0	47.0467032967033	0.7500000000000001
85	90.0	46.92858987603306	0.7500000000000001
86	75.0	46.8230494645589	0.7500000000000001
87	80.0	46.69436052366566	0.7500000000000001
88	85.0	46.58316757831924	0.7500000000000001
89	80.0	46.41331041257367	0.7500000000000001
90	90.0	46.29245511887433	0.7500000000000001
91	90.0	46.14393576222435	0.7500000000000001
92	90.0	45.99242065371862	0.7500000000000001
93	90.0	45.907069288389515	0.7500000000000001
94	85.0	45.817329939842665	0.7500000000000001
95	75.0	45.65645013723696	0.7500000000000001
96	75.0	45.525214834916326	0.7500000000000001
97	80.0	45.39803220035778	0.7500000000000001
98	85.0	45.23883237505529	0.7500000000000001
99	70.0	45.12084426946632	0.7500000000000001
100	70.0	44.97241453916054	0.7500000000000001
101	85.0	44.849636130136986	0.7500000000000001
102	90.0	44.88881829733164	0.7500000000000001
103	80.0	44.842309304274934	0.7500000000000001
104	90.0	44.75995437577769	0.7500000000000001
105	75.0	44.686473727422005	0.7500000000000001
106	85.0	44.60839089800894	0.7500000000000001
107	80.0	44.51830249396621	0.7500000000000001
108	80.0	44.40362405416169	0.7500000000000001
109	85.0	44.31683753943218	0.7500000000000001
110	70.0	44.194162436548226	0.7500000000000001
111	95.0	44.07675947409126	0.7500000000000001
112	85.0	43.98171198774416	0.7500000000000001
113	85.0	43.90459028831563	0.7500000000000001
114	90.0	43.81576475009395	0.7500000000000001
115	90.0	43.72161206254654	0.7500000000000001
116	85.0	43.633345628919216	0.7500000000000001
117	75.0	43.567708333333336	0.7500000000000001
118	80.0	43.48605577689243	0.7500000000000001
119	85.0	43.400933237616655	0.7500000000000001
120	85.0	43.317769477054426	0.7500000000000001
121	95.0	43.23386812411848	0.7500000000000001
122	95.0	43.3733834323663	0.7500000000000001
123	90.0	43.406964656964654	0.7500000000000001
124	85.0	43.39144623840605	0.7500000000000001
125	90.0	43.39109332425068	0.7500000000000001
126	80.0	43.371749408983455	0.7500000000000001
127	95.0	43.360264567983926	0.7500000000000001
128	85.0	43.332779807372965	0.7500000000000001
129	85.0	43.27733860342556	0.7500000000000001
130	95.0	43.221986278993796	0.7500000000000001
131	90.0	43.16753078418665	0.7500000000000001
132	85.0	43.111137897782065	0.7500000000000001
133	85.0	43.04169323979592	0.7500000000000001
134	90.0	43.005378044922494	0.7500000000000001
135	80.0	42.963355304457	0.7500000000000001
136	80.0	42.90836188103395	0.7500000000000001
137	75.0	42.83451792336218	0.7500000000000001
138	95.0	42.77253909843606	0.7500000000000001
139	90.0	42.7141661594644	0.7500000000000001
140	85.0	42.66422530957415	0.7500000000000001
141	90.0	42.63226918465228	0.7500000000000001
142	95.0	42.69302290984826	0.7500000000000001
143	90.0	42.71264028352038	0.7500000000000001
144	90.0	42.71364702433304	0.7500000000000001
145	100.0	42.70081490104773	0.7500000000000001
146	80.0	42.64338341519792	0.8000000000000002
147	90.0	42.58677567412507	0.8000000000000002
148	80.0	42.522785531187694	0.8000000000000002
149	80.0	42.44414592760181	0.8000000000000002
150	65.0	42.33852850322943	0.8000000000000002
151	80.0	42.25390407138873	0.8000000000000002
152	85.0	42.15591248961506	0.8000000000000002
153	80.0	42.07130088008801	0.8000000000000002
154	90.0	42.01106255121552	0.8000000000000002
155	90.0	41.95740640260445	0.8000000000000002
156	90.0	41.899757477768794	0.8000000000000002
157	95.0	41.83652301927195	0.8000000000000002
158	100.0	41.77545865461313	0.8000000000000002
159	85.0	41.71553090332805	0.8500000000000002
160	80.0	41.634413539753346	0.8500000000000002
161	80.0	41.57064650677789	0.8500000000000002
162	85.0	41.545907795907794	0.8500000000000002
163	75.0	41.48642563046835	0.8500000000000002
164	75.0	41.406929174124265	0.8500000000000002
165	75.0	41.32844258130081	0.8500000000000002
166	75.0	41.24589750063115	0.8500000000000002
167	80.0	41.182890115403914	0.8500000000000002
168	80.0	41.104774370481174	0.8500000000000002
169	80.0	41.032581764122895	0.8500000000000002
170	95.0	40.980669785767056	0.8500000000000002
171	90.0	40.94285364659814	0.8500000000000002
172	95.0	40.89394307954269	0.8500000000000002
173	90.0	40.82688588007737	0.8500000000000002
174	75.0	40.766041816870946	0.8500000000000002
175	80.0	40.7196607740086	0.8500000000000002
176	75.0	40.67590833531228	0.8500000000000002
177	85.0	40.616737488196414	0.8500000000000002
178	70.0	40.56530157240085	0.8500000000000002
179	80.0	40.52963135790947	0.8500000000000002
180	90.0	40.48538622129436	0.8500000000000002
181	95.0	40.46615544280443	0.8500000000000002
182	90.0	40.549472598027975	0.8500000000000002
183	95.0	40.583960328317374	0.8500000000000002
184	100.0	40.58405123554749	0.8500000000000002
185	80.0	40.559062218214606	0.9000000000000002
186	85.0	40.507453485765524	0.9000000000000002
187	85.0	40.45140436914846	0.9000000000000002
188	80.0	40.3915428951452	0.9000000000000002
189	80.0	40.326278659611994	0.9000000000000002
190	80.0	40.27488489366367	0.9000000000000002
191	85.0	40.218054949847364	0.9000000000000002
192	90.0	40.16509433962264	0.9000000000000002
193	90.0	40.11189603106126	0.9000000000000002
194	80.0	40.06168204248016	0.9000000000000002
195	90.0	40.01973965002134	0.9000000000000002
196	90.0	39.98673317766929	0.9000000000000002
197	95.0	39.9683277027027	0.9000000000000002
198	95.0	39.93882587691662	0.9000000000000002
199	80.0	39.89370037609695	0.9000000000000002
200	80.0	39.83631261691956	0.9000000000000002
201	80.0	39.79528535980149	0.9000000000000002
202	85.0	39.82179592676404	0.9000000000000002
203	85.0	39.786379451494064	0.9000000000000002
204	80.0	39.746487477092245	0.9000000000000002
205	75.0	39.693324554294975	0.9000000000000002
206	80.0	39.64876033057851	0.9000000000000002
207	80.0	39.59636983553951	0.9000000000000002
208	80.0	39.54300538814608	0.9000000000000002
209	80.0	39.515984908657664	0.9000000000000002
210	75.0	39.46181584667062	0.9000000000000002
211	90.0	39.39466181675187	0.9000000000000002
212	85.0	39.341126981021326	0.9000000000000002
213	90.0	39.307340342679126	0.9000000000000002
214	75.0	39.27000581282697	0.9000000000000002
215	80.0	39.23495950636329	0.9000000000000002
216	85.0	39.20648627902514	0.9000000000000002
217	80.0	39.17088426279603	0.9000000000000002
218	85.0	39.14773807260977	0.9000000000000002
219	80.0	39.105183503594404	0.9000000000000002
220	95.0	39.05785162869516	0.9000000000000002
221	80.0	39.00393553223388	0.9000000000000002
222	95.0	39.038192501398996	0.9000000000000002
223	90.0	39.04474563683624	0.9000000000000002
224	85.0	39.013352430234704	0.9000000000000002
225	85.0	38.98960632818249	0.9000000000000002
226	75.0	38.96584874565098	0.9000000000000002
227	90.0	38.94025701786365	0.9000000000000002
228	85.0	38.9078660860098	0.9000000000000002
229	90.0	38.86763908959538	0.9000000000000002
230	80.0	38.82237906851286	0.9000000000000002
231	75.0	38.77282491944146	0.9000000000000002
232	85.0	38.713241846373194	0.9000000000000002
233	80.0	38.67547906316536	0.9000000000000002
234	90.0	38.63540010598834	0.9000000000000002
235	80.0	38.59853148083011	0.9000000000000002
236	80.0	38.55892137979338	0.9000000000000002
237	85.0	38.52074616457462	0.9000000000000002
238	85.0	38.481817392813745	0.9000000000000002
239	70.0	38.44452125820947	0.9000000000000002
240	70.0	38.3957150232318	0.9000000000000002
241	85.0	38.362962645647706	0.9000000000000002
242	80.0	38.367172837399764	0.9000000000000002
243	90.0	38.35329595650697	0.9000000000000002
244	85.0	38.328117069869734	0.9000000000000002
245	75.0	38.297464622641506	0.9000000000000002
246	70.0	38.2760862271431	0.9000000000000002
247	80.0	38.24340126962913	0.9000000000000002
248	75.0	38.22117784062552	0.9000000000000002
249	75.0	38.20783631544069	0.9000000000000002
250	80.0	38.18635538689985	0.9000000000000002
251	85.0	38.15991620111732	0.9000000000000002
252	70.0	38.11957944689903	0.9000000000000002
253	80.0	38.07570078226858	0.9000000000000002
254	75.0	38.03846778120435	0.9000000000000002
255	70.0	37.98961364371161	0.9000000000000002
256	85.0	37.94678795685075	0.9000000000000002
257	75.0	37.910519563822966	0.9000000000000002
258	80.0	37.8865197252835	0.9000000000000002
259	75.0	37.85813713013045	0.9000000000000002
260	85.0	37.82146252574869	0.9000000000000002
261	75.0	37.787247474747474	0.9000000000000002
262	85.0	37.798695173714826	0.9000000000000002
263	80.0	37.77990917632321	0.9000000000000002
264	75.0	37.75503041647169	0.9000000000000002
265	80.0	37.71752641392169	0.9000000000000002
266	75.0	37.69075994428107	0.9000000000000002
267	75.0	37.65475639839654	0.9000000000000002
268	70.0	37.61307786822301	0.9000000000000002
269	75.0	37.5686582007344	0.9000000000000002
270	75.0	37.545724737082764	0.9000000000000002
271	75.0	37.51841026419678	0.9000000000000002
272	75.0	37.483361064891845	0.9000000000000002
273	85.0	37.448010849909586	0.9000000000000002
274	80.0	37.412925987089025	0.9000000000000002
275	95.0	37.37941220460664	0.9000000000000002
276	85.0	37.35620622857994	0.9000000000000002
277	80.0	37.331316805225654	0.9000000000000002
278	80.0	37.3047626090815	0.9000000000000002
279	90.0	37.276377836722666	0.9000000000000002
280	70.0	37.24269563940684	0.9000000000000002
281	80.0	37.2085283791691	0.9000000000000002
282	80.0	37.21195889811981	0.9000000000000002
283	80.0	37.19249201277955	0.9000000000000002
284	75.0	37.16122847634206	0.9000000000000002
285	75.0	37.131992502883506	0.9000000000000002
286	90.0	37.10117080879184	0.9000000000000002
287	80.0	37.082379043801886	0.9000000000000002
288	80.0	37.05801597489659	0.9000000000000002
289	75.0	37.03542495736214	0.9000000000000002
290	90.0	37.001664070245006	0.9000000000000002
291	70.0	36.96461332204347	0.9000000000000002
292	75.0	36.926944171002674	0.9000000000000002
293	85.0	36.90092488789238	0.9000000000000002
294	85.0	36.878927524088816	0.9000000000000002
295	70.0	36.85551767325355	0.9000000000000002
296	75.0	36.83660379975038	0.9000000000000002
297	75.0	36.80987423991155	0.9000000000000002
298	80.0	36.7835008951935	0.9000000000000002
299	80.0	36.75353417513039	0.9000000000000002
300	85.0	36.720694843386674	0.9000000000000002
301	85.0	36.69063522355507	0.9000000000000002
302	95.0	36.754517049313954	0.9000000000000002
303	95.0	36.78682642837801	0.9000000000000002
304	90.0	36.79581028201322	0.9000000000000002
305	85.0	36.786074502420654	0.9000000000000002
306	75.0	36.77405843720681	0.9000000000000002
307	80.0	36.764794282660965	0.9000000000000002
308	70.0	36.74044734389562	0.9000000000000002
309	75.0	36.73450769639066	0.9000000000000002
310	75.0	36.71521624123793	0.9000000000000002
311	85.0	36.69259161613498	0.9000000000000002
312	80.0	36.679148600709496	0.9000000000000002
313	80.0	36.649096385542165	0.9000000000000002
314	80.0	36.62478788669886	0.9000000000000002
315	80.0	36.60974499089253	0.9000000000000002
316	80.0	36.58863960575801	0.9000000000000002
317	80.0	36.57041752843847	0.9000000000000002
318	85.0	36.557466821285914	0.9000000000000002
319	80.0	36.54267274595428	0.9000000000000002
320	95.0	36.536294968633975	0.9000000000000002
321	90.0	36.5336268504339	0.9000000000000002
322	95.0	36.56993385065513	0.9000000000000002
323	100.0	36.5890502155719	0.9000000000000002
324	90.0	36.58086841107319	0.9500000000000003
325	90.0	36.575258316532256	0.9500000000000003
326	80.0	36.55272578821756	0.9500000000000003
327	90.0	36.534247433007764	0.9500000000000003
328	70.0	36.515260267132696	0.9500000000000003
329	80.0	36.481769537083125	0.9500000000000003
330	75.0	36.45329363602531	0.9500000000000003
331	75.0	36.42375711105615	0.9500000000000003
332	85.0	36.39101220564665	0.9500000000000003
333	75.0	36.36077310717798	0.9500000000000003
334	80.0	36.33638647224605	0.9500000000000003
335	80.0	36.32405936965551	0.9500000000000003
336	80.0	36.299476312264034	0.9500000000000003
337	85.0	36.27109640602234	0.9500000000000003
338	80.0	36.23850018157608	0.9500000000000003
339	80.0	36.21515206372194	0.9500000000000003
340	75.0	36.18743231861389	0.9500000000000003
341	90.0	36.154630518234164	0.9500000000000003
342	90.0	36.167922497308936	0.9500000000000003
343	85.0	36.15668972096351	0.9500000000000003
344	95.0	36.14388895493996	0.9500000000000003
345	95.0	36.13664651493599	0.9500000000000003
346	75.0	36.12619666706063	0.9500000000000003
347	80.0	36.10122554796135	0.9500000000000003
348	80.0	36.075079309129364	0.9500000000000003
349	90.0	36.054650890346764	0.9500000000000003
350	70.0	36.03215161780166	0.9500000000000003
351	70.0	36.01764500349406	0.9500000000000003
352	70.0	35.994222506096854	0.9500000000000003
353	75.0	35.971225104214916	0.9500000000000003
354	85.0	35.96062810299042	0.9500000000000003
355	75.0	35.94059405940594	0.9500000000000003
356	70.0	35.921966479164276	0.9500000000000003
357	75.0	35.90687957875458	0.9500000000000003
358	80.0	35.88859719210136	0.9500000000000003
359	75.0	35.86970748918734	0.9500000000000003
360	65.0	35.85149245261605	0.9500000000000003
361	80.0	35.83394635581711	0.9500000000000003
362	80.0	35.86051235752173	0.9500000000000003
363	95.0	35.8690636957011	0.9500000000000003
364	80.0	35.86620469083156	0.9500000000000003
365	80.0	35.85860564010743	0.9500000000000003
366	80.0	35.846445709184245	0.9500000000000003
367	90.0	35.83324059648342	0.9500000000000003
368	85.0	35.820802352680055	0.9500000000000003
369	90.0	35.820053120849934	0.9500000000000003
370	90.0	35.810203068094026	0.9500000000000003
371	80.0	35.79476667400396	0.9500000000000003
372	85.0	35.79258588519372	0.9500000000000003
373	90.0	35.788911996497376	0.9500000000000003
374	80.0	35.78184695993887	0.9500000000000003
375	80.0	35.778494448073154	0.9500000000000003
376	90.0	35.77380306155683	0.9500000000000003
377	85.0	35.766971632741445	0.9500000000000003
378	80.0	35.764361300075585	0.9500000000000003
379	85.0	35.75638057290545	0.9500000000000003
380	85.0	35.75139619804532	0.9500000000000003
381	80.0	35.745501285347046	0.9500000000000003
382	80.0	35.75632945198163	0.9500000000000003
383	80.0	35.748588323034305	0.9500000000000003
384	75.0	35.73198916161938	0.9500000000000003
385	80.0	35.716935142009326	0.9500000000000003
386	75.0	35.706584927597504	0.9500000000000003
387	80.0	35.69391735188699	0.9500000000000003
388	70.0	35.67264220376406	0.9500000000000003
389	85.0	35.653444840604024	0.9500000000000003
390	75.0	35.645852944252695	0.9500000000000003
391	80.0	35.63986542875026	0.9500000000000003
392	70.0	35.62467485173239	0.9500000000000003
393	80.0	35.612287256122876	0.9500000000000003
394	75.0	35.60371597143153	0.9500000000000003
395	85.0	35.59144641750981	0.9500000000000003
396	70.0	35.58117083719493	0.9500000000000003
397	75.0	35.57274548069022	0.9500000000000003
398	70.0	35.551941399446775	0.9500000000000003
399	75.0	35.53660842019211	0.9500000000000003
400	75.0	35.52657731118133	0.9500000000000003
401	80.0	35.514818015453436	0.9500000000000003
402	85.0	35.53671027279181	0.9500000000000003
403	85.0	35.5483764920089	0.9500000000000003
404	80.0	35.54320956512965	0.9500000000000003
405	85.0	35.53253321256039	0.9500000000000003
406	85.0	35.52178496134926	0.9500000000000003
407	85.0	35.52110454636491	0.9500000000000003
408	85.0	35.51306063330337	0.9500000000000003
409	90.0	35.49845555998406	0.9500000000000003
410	80.0	35.496844250074545	0.9500000000000003
411	80.0	35.49697600634543	0.9500000000000003
412	80.0	35.499208782514096	0.9500000000000003
413	80.0	35.481328926598266	0.9500000000000003
414	75.0	35.46612046058459	0.9500000000000003
415	85.0	35.45528175927744	0.9500000000000003
416	85.0	35.44682205464695	0.9500000000000003
417	80.0	35.44463169206721	0.9500000000000003
418	80.0	35.446959360686094	0.9500000000000003
419	80.0	35.443442543262684	0.9500000000000003
420	70.0	35.44079138783823	0.9500000000000003
421	85.0	35.433073722910216	0.9500000000000003
422	85.0	35.447109352379115	0.9500000000000003
423	80.0	35.44868091661853	0.9500000000000003
424	85.0	35.446642973777735	0.9500000000000003
425	90.0	35.44066213108471	0.9500000000000003
426	80.0	35.438772583882994	0.9500000000000003
427	80.0	35.43868014495518	0.9500000000000003
428	80.0	35.42170107506422	0.9500000000000003
429	80.0	35.40551442672741	0.9500000000000003
430	80.0	35.39437553262002	0.9500000000000003
431	85.0	35.38860287171736	0.9500000000000003
432	85.0	35.38332862124211	0.9500000000000003
433	80.0	35.36597405039488	0.9500000000000003
434	70.0	35.352921864740644	0.9500000000000003
435	70.0	35.341685382743776	0.9500000000000003
436	80.0	35.3377369059845	0.9500000000000003
437	80.0	35.3285674366617	0.9500000000000003
438	65.0	35.31642040702537	0.9500000000000003
439	70.0	35.30004172074912	0.9500000000000003
440	80.0	35.284432522430855	0.9500000000000003
441	75.0	35.267049649317094	0.9500000000000003
442	90.0	35.28300801031212	0.9500000000000003
443	85.0	35.28832904648172	0.9500000000000003
444	75.0	35.28285675006874	0.9500000000000003
445	95.0	35.274094732991955	0.9500000000000003
446	75.0	35.267881580147794	0.9500000000000003
447	80.0	35.25998998725651	0.9500000000000003
448	80.0	35.25326945781491	0.9500000000000003
449	80.0	35.23615893439652	0.9500000000000003
450	70.0	35.22375915378356	0.9500000000000003
451	65.0	35.20814540862349	0.9500000000000003
452	85.0	35.19608946089461	0.9500000000000003
453	70.0	35.188802083333336	0.9500000000000003
454	80.0	35.18345130364663	0.9500000000000003
455	75.0	35.17421330234222	0.9500000000000003
456	70.0	35.15977611274641	0.9500000000000003
457	75.0	35.14940815236739	0.9500000000000003
458	85.0	35.137421188171565	0.9500000000000003
459	90.0	35.132908027644866	0.9500000000000003
460	80.0	35.13548757846344	0.9500000000000003
461	75.0	35.13320395201129	0.9500000000000003
462	80.0	35.153595634187134	0.9500000000000003
463	80.0	35.161162831547514	0.9500000000000003
464	85.0	35.164972395057404	0.9500000000000003
465	85.0	35.16800017488632	0.9500000000000003
466	90.0	35.16806997644185	0.9500000000000003
467	80.0	35.16171861396483	0.9500000000000003
468	70.0	35.14963947528451	0.9500000000000003
469	90.0	35.1373959778086	0.9500000000000003
470	85.0	35.11763688262261	0.9500000000000003
471	85.0	35.10551527705852	0.9500000000000003
472	90.0	35.09872104039273	0.9500000000000003
473	80.0	35.10205397043658	0.9500000000000003
474	85.0	35.100441643083784	0.9500000000000003
475	85.0	35.098408351874035	0.9500000000000003
476	85.0	35.09809153787038	0.9500000000000003
477	75.0	35.08350374914792	0.9500000000000003
478	80.0	35.07067851373183	0.9500000000000003
479	85.0	35.064695401323604	0.9500000000000003
480	70.0	35.05757344848023	0.9500000000000003
481	90.0	35.05291061169314	0.9500000000000003
482	90.0	35.09316246522216	0.9500000000000003
483	85.0	35.11442032643446	0.9500000000000003
484	90.0	35.13076148098396	0.9500000000000003
485	85.0	35.13855144101877	0.9500000000000003
486	90.0	35.14317364768832	0.9500000000000003
487	85.0	35.147776572668114	0.9500000000000003
488	80.0	35.15589875947049	0.9500000000000003
489	90.0	35.161598537720174	0.9500000000000003
490	80.0	35.16364729292762	0.9500000000000003
491	70.0	35.159895747145455	0.9500000000000003
492	80.0	35.162765254727105	0.9500000000000003
493	85.0	35.17056690837179	0.9500000000000003
494	75.0	35.17258037990297	0.9500000000000003
495	75.0	35.17161086492697	0.9500000000000003
496	80.0	35.172897387601346	0.9500000000000003
497	70.0	35.16426936907486	0.9500000000000003
498	80.0	35.156797977326484	0.9500000000000003
499	80.0	35.15017092625753	0.9500000000000003
500	80.0	35.14346925513768	0.9500000000000003
501	80.0	35.13831468871595	0.9500000000000003
502	75.0	35.152091254752854	0.9500000000000003
503	75.0	35.159252381721295	0.9500000000000003
504	80.0	35.159535895576504	0.9500000000000003
505	80.0	35.157807976841426	0.9500000000000003
506	75.0	35.162105770002405	0.9500000000000003
507	80.0	35.159178279673235	0.9500000000000003
508	85.0	35.16405563104468	0.9500000000000003
509	75.0	35.1612356413529	0.9500000000000003
510	80.0	35.17544383408964	0.9500000000000003
511	85.0	35.18294136341967	0.9500000000000003
512	85.0	35.1842637380065	0.9500000000000003
513	80.0	35.19201092117759	0.9500000000000003
514	85.0	35.19765421372719	0.9500000000000003
515	90.0	35.204063534605076	0.9500000000000003
516	90.0	35.209169223507196	0.9500000000000003
517	85.0	35.21425486809045	0.9500000000000003
518	90.0	35.22176945380456	0.9500000000000003
519	85.0	35.23052557484749	0.9500000000000003
520	85.0	35.237393646085394	0.9500000000000003
521	80.0	35.24043705204114	0.9500000000000003
522	80.0	35.273404089884146	0.9500000000000003
523	85.0	35.29557271457396	0.9500000000000003
524	90.0	35.31020060413601	0.9500000000000003
525	85.0	35.32235621521336	0.9500000000000003
526	85.0	35.33099297893681	0.9500000000000003
527	80.0	35.34277298629293	0.9500000000000003
528	80.0	35.343651525632154	0.9500000000000003
529	80.0	35.351238876956124	0.9500000000000003
530	75.0	35.351332210397366	0.9500000000000003
531	75.0	35.34980131438178	0.9500000000000003
532	80.0	35.35170848905499	0.9500000000000003
533	85.0	35.354369671132766	0.9500000000000003
534	75.0	35.359300205151584	0.9500000000000003
535	80.0	35.36269528287578	0.9500000000000003
536	85.0	35.37279539777458	0.9500000000000003
537	75.0	35.38276291931097	0.9500000000000003
538	85.0	35.38741422215519	0.9500000000000003
539	85.0	35.396940388378745	0.9500000000000003
540	80.0	35.400608519269774	0.9500000000000003
541	80.0	35.41504199160168	0.9500000000000003
542	95.0	35.460014220492475	0.9500000000000003
543	95.0	35.487262811893025	0.9500000000000003
544	90.0	35.516273954216686	0.9500000000000003
545	85.0	35.5404324203632	0.9500000000000003
546	90.0	35.559115221751725	0.9500000000000003
547	85.0	35.57782144446092	0.9500000000000003
548	75.0	35.58951965065502	0.9500000000000003
549	90.0	35.602652186761226	0.9500000000000003
550	85.0	35.61389278076838	0.9500000000000003
551	95.0	35.62840423965847	0.9500000000000003
552	95.0	35.64258687826023	0.9500000000000003
553	95.0	35.648375623349956	0.9500000000000003
554	95.0	35.66375082351219	0.9500000000000003
555	90.0	35.681535876077746	0.9500000000000003
556	95.0	35.69825322733572	0.9500000000000003
557	90.0	35.71490972626675	0.9500000000000003
558	90.0	35.73459414286752	0.9500000000000003
559	80.0	35.74758813288844	0.9500000000000003
560	90.0	35.75772934617334	0.9500000000000003
561	80.0	35.76964079213646	0.9500000000000003
562	90.0	35.79548733857586	0.9500000000000003
563	90.0	35.817910125306064	0.9500000000000003
564	90.0	35.840252318309254	0.9500000000000003
565	90.0	35.85435203788749	0.9500000000000003
566	90.0	35.8663419525822	0.9500000000000003
567	95.0	35.874982124982125	0.9500000000000003
568	95.0	35.88716008850189	0.9500000000000003
569	85.0	35.90303505272157	0.9500000000000003
570	90.0	35.91031932295	0.9500000000000003
571	75.0	35.92041743575181	0.9500000000000003
572	85.0	35.926493515696976	0.9500000000000003
573	90.0	35.93352079796265	0.9500000000000003
574	85.0	35.93946402090248	0.9500000000000003
575	70.0	35.94415268574651	0.9500000000000003
576	85.0	35.95023221448174	0.9500000000000003
577	75.0	35.956202584995786	0.9500000000000003
578	85.0	35.96355444919711	0.9500000000000003
579	85.0	35.97061808763825	0.9500000000000003
580	80.0	35.97695828383761	0.9500000000000003
581	80.0	35.97865513392857	0.9500000000000003
582	85.0	35.9966227978553	0.9500000000000003
583	90.0	36.01235576254692	0.9500000000000003
584	85.0	36.02465130802859	0.9500000000000003
585	80.0	36.039761706844004	0.9500000000000003
586	100.0	36.053350390706036	0.9500000000000003
587	85.0	36.05317202816512	1.0000000000000002
588	80.0	36.05402797877472	1.0000000000000002
589	75.0	36.05574091909741	1.0000000000000002
590	90.0	36.05667536570291	1.0000000000000002
591	85.0	36.06137734814205	1.0000000000000002
592	80.0	36.06324002463897	1.0000000000000002
593	75.0	36.06005739273026	1.0000000000000002
594	95.0	36.06217174817543	1.0000000000000002
595	85.0	36.06513005583549	1.0000000000000002
596	75.0	36.067313574875946	1.0000000000000002
597	80.0	36.070083469055376	1.0000000000000002
598	70.0	36.06657746765124	1.0000000000000002
599	80.0	36.06367509806574	1.0000000000000002
600	85.0	36.05976976571467	1.0000000000000002
601	75.0	36.05832097600431	1.0000000000000002
602	80.0	36.07142857142857	1.0000000000000002
603	65.0	36.07365981459089	1.0000000000000002
604	70.0	36.07538059150962	1.0000000000000002
605	75.0	36.07701191751473	1.0000000000000002
606	80.0	36.071452443018515	1.0000000000000002
607	85.0	36.06991525423729	1.0000000000000002
608	75.0	36.06588501765372	1.0000000000000002
609	80.0	36.07117916999202	1.0000000000000002
610	80.0	36.067243210942166	1.0000000000000002
611	80.0	36.06704891952804	1.0000000000000002
612	70.0	36.07032956124677	1.0000000000000002
613	75.0	36.071699920718814	1.0000000000000002
614	80.0	36.071829035024074	1.0000000000000002
615	85.0	36.075414855788225	1.0000000000000002
616	85.0	36.07931759910591	1.0000000000000002
617	85.0	36.081566684169076	1.0000000000000002
618	75.0	36.08495511434375	1.0000000000000002
619	85.0	36.08571568755724	1.0000000000000002
620	80.0	36.088514793285874	1.0000000000000002
621	90.0	36.08828899321857	1.0000000000000002
622	95.0	36.11312740055986	1.0000000000000002
623	95.0	36.12992330690238	1.0000000000000002
624	80.0	36.1451236130037	1.0000000000000002
625	90.0	36.15825019435087	1.0000000000000002
626	80.0	36.1681812301921	1.0000000000000002
627	85.0	36.17525506909467	1.0000000000000002
628	80.0	36.185207272258396	1.0000000000000002
629	80.0	36.191104531410915	1.0000000000000002
630	80.0	36.19601889338731	1.0000000000000002
631	80.0	36.19650648017451	1.0000000000000002
632	75.0	36.1915476266735	1.0000000000000002
633	75.0	36.18580519314403	1.0000000000000002
634	80.0	36.18758380690888	1.0000000000000002
635	75.0	36.18345977304603	1.0000000000000002
636	80.0	36.17584813188212	1.0000000000000002
637	75.0	36.168657854600916	1.0000000000000002
638	80.0	36.16640758835099	1.0000000000000002
639	80.0	36.16265995185608	1.0000000000000002
640	70.0	36.16208652204162	1.0000000000000002
641	65.0	36.16080449608487	1.0000000000000002
642	85.0	36.18175083538238	1.0000000000000002
643	90.0	36.19531348357044	1.0000000000000002
644	75.0	36.20325560932688	1.0000000000000002
645	80.0	36.21148657128514	1.0000000000000002
646	80.0	36.217655535367456	1.0000000000000002
647	80.0	36.22529087951958	1.0000000000000002
648	90.0	36.23001374055337	1.0000000000000002
649	80.0	36.23409827887254	1.0000000000000002
650	80.0	36.24182803063321	1.0000000000000002
651	90.0	36.253574536864356	1.0000000000000002
652	80.0	36.263732853330026	1.0000000000000002
653	85.0	36.26557077342588	1.0000000000000002
654	80.0	36.26686158034775	1.0000000000000002
655	100.0	36.27085135302113	1.0000000000000002
656	90.0	36.27706495589415	1.0500000000000003
657	85.0	36.28356738112836	1.0500000000000003
658	95.0	36.28835864952955	1.0500000000000003
659	80.0	36.2929817020754	1.0500000000000003
660	85.0	36.3046410397891	1.0500000000000003
661	80.0	36.31343352105779	1.0500000000000003
662	85.0	36.33923659922988	1.0500000000000003
663	80.0	36.36412181130233	1.0500000000000003
664	85.0	36.37971482542197	1.0500000000000003
665	85.0	36.39199014358725	1.0500000000000003
666	85.0	36.40574691695523	1.0500000000000003
667	85.0	36.41794552954022	1.0500000000000003
668	90.0	36.43290836412089	1.0500000000000003
669	90.0	36.44616291727141	1.0500000000000003
670	80.0	36.45318821327214	1.0500000000000003
671	90.0	36.46230254431448	1.0500000000000003
672	90.0	36.47402323761363	1.0500000000000003
673	85.0	36.48292858860303	1.0500000000000003
674	85.0	36.491131984874855	1.0500000000000003
675	90.0	36.50350593311758	1.0500000000000003
676	85.0	36.51000837771528	1.0500000000000003
677	90.0	36.52410970363289	1.0500000000000003
678	85.0	36.53421633554084	1.0500000000000003
679	80.0	36.54272905993089	1.0500000000000003
680	80.0	36.54928320742371	1.0500000000000003
681	90.0	36.55604062722737	1.0500000000000003
682	85.0	36.58390664847874	1.0500000000000003
683	85.0	36.59932784555253	1.0500000000000003
684	85.0	36.615220862160726	1.0500000000000003
685	90.0	36.629590812470475	1.0500000000000003
686	85.0	36.64001238134544	1.0500000000000003
687	85.0	36.65224302366655	1.0500000000000003
688	90.0	36.65789783081536	1.0500000000000003
689	90.0	36.66250880488378	1.0500000000000003
690	80.0	36.66549440243831	1.0500000000000003
691	90.0	36.6699344492567	1.0500000000000003
692	85.0	36.67618783238852	1.0500000000000003
693	80.0	36.68030753968254	1.0500000000000003
694	80.0	36.68652759163219	1.0500000000000003
695	80.0	36.69076573955545	1.0500000000000003
696	85.0	36.69876822962059	1.0500000000000003
697	85.0	36.70304885124159	1.0500000000000003
698	85.0	36.70586872139505	1.0500000000000003
699	85.0	36.713453083420106	1.0500000000000003
700	90.0	36.716538617064295	1.0500000000000003
701	85.0	36.721922588832484	1.0500000000000003
702	95.0	36.75133920857093	1.0500000000000003
703	85.0	36.77010238122627	1.0500000000000003
704	80.0	36.780555396014016	1.0500000000000003
705	85.0	36.7891144757972	1.0500000000000003
706	90.0	36.80051257087223	1.0500000000000003
707	95.0	36.806087727324716	1.0500000000000003
708	95.0	36.813217406201815	1.0500000000000003
709	95.0	36.81676265967153	1.0500000000000003
710	85.0	36.8169523375662	1.0500000000000003
711	90.0	36.82254350051177	1.0500000000000003
712	100.0	36.83188064278008	1.0500000000000003
713	85.0	36.83863971422091	1.1000000000000003
714	85.0	36.85061717909518	1.1000000000000003
715	85.0	36.85662388329752	1.1000000000000003
716	95.0	36.86127265541189	1.1000000000000003
717	90.0	36.86485115020298	1.1000000000000003
718	85.0	36.863985699003436	1.1000000000000003
719	85.0	36.866355560553245	1.1000000000000003
720	85.0	36.868227499859636	1.1000000000000003
721	85.0	36.87275734469612	1.1000000000000003
722	95.0	36.895190638822015	1.1000000000000003
723	95.0	36.91043274069104	1.1000000000000003
724	95.0	36.92751660990453	1.1000000000000003
725	90.0	36.94239239518287	1.1000000000000003
726	95.0	36.95395579310729	1.1000000000000003
727	85.0	36.961734126542865	1.1000000000000003
728	85.0	36.97275276220088	1.1000000000000003
729	85.0	36.98353293413174	1.1000000000000003
730	95.0	37.00175793145451	1.1000000000000003
731	95.0	37.01744443215747	1.1000000000000003
732	85.0	37.03467505935619	1.1000000000000003
733	90.0	37.04737814292016	1.1000000000000003
734	90.0	37.05977093772369	1.1000000000000003
735	100.0	37.07109864731112	1.1000000000000003
736	90.0	37.08575860743507	1.1500000000000004
737	100.0	37.10284601886379	1.1500000000000004
738	90.0	37.116395597174304	1.2000000000000004
739	90.0	37.13018155966313	1.2000000000000004
740	100.0	37.141131014144506	1.2000000000000004
741	95.0	37.15702715968586	1.2500000000000004
742	100.0	37.194052611513534	1.2500000000000004
743	95.0	37.2200995322528	1.3000000000000005
744	90.0	37.24261311172668	1.3000000000000005
745	95.0	37.26648947711	1.3000000000000005
746	95.0	37.287457342505824	1.3000000000000005
747	95.0	37.30505517689062	1.3000000000000005
748	90.0	37.324496245475665	1.3000000000000005
749	90.0	37.34213152783772	1.3000000000000005
750	90.0	37.35951726738861	1.3000000000000005
751	100.0	37.3754438824922	1.3000000000000005
752	95.0	37.39132770941916	1.3500000000000005
753	85.0	37.40904700579524	1.3500000000000005
754	95.0	37.41780987085365	1.3500000000000005
755	85.0	37.42467622819223	1.3500000000000005
756	80.0	37.430054513387844	1.3500000000000005
757	85.0	37.431882472245945	1.3500000000000005
758	90.0	37.44203400671606	1.3500000000000005
759	90.0	37.44803310976259	1.3500000000000005
760	90.0	37.45169050023922	1.3500000000000005
761	90.0	37.458191760458696	1.3500000000000005
762	90.0	37.47720163299931	1.3500000000000005
763	90.0	37.49159430265805	1.3500000000000005
764	85.0	37.50231346835175	1.3500000000000005
765	85.0	37.51082594000845	1.3500000000000005
766	90.0	37.51667897262803	1.3500000000000005
767	80.0	37.52264826714421	1.3500000000000005
768	90.0	37.52971963600021	1.3500000000000005
769	85.0	37.540581004412694	1.3500000000000005
770	85.0	37.55206967105608	1.3500000000000005
771	85.0	37.559140207481924	1.3500000000000005
772	75.0	37.56462246873528	1.3500000000000005
773	80.0	37.56669366638796	1.3500000000000005
774	90.0	37.568889932675745	1.3500000000000005
775	70.0	37.56619409986448	1.3500000000000005
776	85.0	37.57001197230753	1.3500000000000005
777	85.0	37.57505458515284	1.3500000000000005
778	85.0	37.57943512797882	1.3500000000000005
779	85.0	37.584646894120084	1.3500000000000005
780	90.0	37.58893894671431	1.3500000000000005
781	75.0	37.59451282581713	1.3500000000000005
782	80.0	37.59974949641031	1.3500000000000005
783	90.0	37.6055529763747	1.3500000000000005
784	95.0	37.606704961104526	1.3500000000000005
785	80.0	37.6100406462235	1.3500000000000005
786	90.0	37.61799239504651	1.3500000000000005
787	80.0	37.62771990146772	1.3500000000000005
788	80.0	37.63261749782174	1.3500000000000005
789	90.0	37.63564701064701	1.3500000000000005
790	90.0	37.63611267317622	1.3500000000000005
791	85.0	37.636513325844994	1.3500000000000005
792	85.0	37.64054612207435	1.3500000000000005
793	80.0	37.641067427174576	1.3500000000000005
794	95.0	37.640951630130715	1.3500000000000005
795	80.0	37.64223305902672	1.3500000000000005
796	85.0	37.64116483181979	1.3500000000000005
797	90.0	37.64592622618565	1.3500000000000005
798	90.0	37.65162441172006	1.3500000000000005
799	85.0	37.65718184574952	1.3500000000000005
800	85.0	37.66266215738731	1.3500000000000005
801	85.0	37.66989312361363	1.3500000000000005
802	85.0	37.68988218115906	1.3500000000000005
803	90.0	37.71145529518254	1.3500000000000005
804	80.0	37.71953945055497	1.3500000000000005
805	90.0	37.72666282102729	1.3500000000000005
806	90.0	37.734645057862835	1.3500000000000005
807	85.0	37.741168818172724	1.3500000000000005
808	80.0	37.74286642346709	1.3500000000000005
809	95.0	37.74842782990617	1.3500000000000005
810	85.0	37.74961367828124	1.3500000000000005
811	90.0	37.752539081947624	1.3500000000000005
812	100.0	37.75999453035652	1.3500000000000005
813	90.0	37.76799016686532	1.4000000000000006
814	100.0	37.782848073012254	1.4000000000000006
815	85.0	37.79413950262558	1.4500000000000006
816	85.0	37.79909455247142	1.4500000000000006
817	85.0	37.806199347697174	1.4500000000000006
818	85.0	37.81476728690588	1.4500000000000006
819	90.0	37.82072611653357	1.4500000000000006
820	85.0	37.82710107823347	1.4500000000000006
821	90.0	37.83278422501967	1.4500000000000006
822	95.0	37.85785324885811	1.4500000000000006
823	85.0	37.87715834396154	1.4500000000000006
824	95.0	37.89396648865808	1.4500000000000006
825	90.0	37.903393521237035	1.4500000000000006
826	85.0	37.911758956062755	1.4500000000000006
827	95.0	37.92364297569072	1.4500000000000006
828	90.0	37.934949539271614	1.4500000000000006
829	90.0	37.947202473704714	1.4500000000000006
830	85.0	37.95541316083848	1.4500000000000006
831	100.0	37.962753813271156	1.4500000000000006
832	90.0	37.968014652370094	1.5000000000000007
833	90.0	37.97077922077922	1.5000000000000007
834	85.0	37.977832631528	1.5000000000000007
835	90.0	37.98650053176061	1.5000000000000007
836	85.0	37.99490608855198	1.5000000000000007
837	90.0	38.00491898148148	1.5000000000000007
838	90.0	38.01225856172631	1.5000000000000007
839	90.0	38.01988117001828	1.5000000000000007
840	85.0	38.021238767959254	1.5000000000000007
841	85.0	38.0242129007487	1.5000000000000007
842	85.0	38.042998897464166	1.5000000000000007
843	85.0	38.05336110313129	1.5000000000000007
844	85.0	38.06375830902396	1.5000000000000007
845	90.0	38.06732422621322	1.5000000000000007
846	90.0	38.07756070798149	1.5000000000000007
847	95.0	38.08515200609931	1.5000000000000007
848	90.0	38.09403407738804	1.5000000000000007
849	80.0	38.10087469100589	1.5000000000000007
850	90.0	38.11387161103461	1.5000000000000007
851	100.0	38.121028170349994	1.5000000000000007
852	90.0	38.12763488228885	1.5500000000000007
853	90.0	38.129139856169566	1.5500000000000007
854	90.0	38.13335853693115	1.5500000000000007
855	75.0	38.1305461153592	1.5500000000000007
856	85.0	38.13157088303239	1.5500000000000007
857	90.0	38.13070964400075	1.5500000000000007
858	85.0	38.13167301632096	1.5500000000000007
859	90.0	38.12905195903411	1.5500000000000007
860	90.0	38.127492844071135	1.5500000000000007
861	95.0	38.12939398200225	1.5500000000000007
862	90.0	38.15896961752727	1.5500000000000007
863	95.0	38.18140372206116	1.5500000000000007
864	95.0	38.19403577600299	1.5500000000000007
865	90.0	38.207804627729054	1.5500000000000007
866	90.0	38.21530916546293	1.5500000000000007
867	85.0	38.21959648142977	1.5500000000000007
868	100.0	38.22747663985868	1.5500000000000007
869	85.0	38.23307485141159	1.6000000000000008
870	90.0	38.23779045498817	1.6000000000000008
871	90.0	38.241626517187065	1.6000000000000008
872	85.0	38.249907454537045	1.6000000000000008
873	85.0	38.2564938066186	1.6000000000000008
874	85.0	38.260295000230826	1.6000000000000008
875	90.0	38.26310753481509	1.6000000000000008
876	90.0	38.26424393164755	1.6000000000000008
877	85.0	38.26474512329776	1.6000000000000008
878	85.0	38.269610771563805	1.6000000000000008
879	85.0	38.26792435509042	1.6000000000000008
880	80.0	38.27036816285361	1.6000000000000008
881	80.0	38.27240566037736	1.6000000000000008
882	90.0	38.30005489227391	1.6000000000000008
883	100.0	38.3195878643882	1.6000000000000008
884	95.0	38.33650905937657	1.6500000000000008
885	85.0	38.34575583515682	1.6500000000000008
886	85.0	38.35754291698921	1.6500000000000008
887	95.0	38.369132629855365	1.6500000000000008
888	85.0	38.3794466403162	1.6500000000000008
889	90.0	38.387751860591756	1.6500000000000008
890	85.0	38.39360183128598	1.6500000000000008
891	90.0	38.39977813999819	1.6500000000000008
892	85.0	38.406788476324	1.6500000000000008
893	85.0	38.41225831225154	1.6500000000000008
894	75.0	38.416700509904786	1.6500000000000008
895	85.0	38.42203416569007	1.6500000000000008
896	80.0	38.425386069965334	1.6500000000000008
897	75.0	38.427100197877316	1.6500000000000008
898	75.0	38.42836125960199	1.6500000000000008
899	75.0	38.42530063717132	1.6500000000000008
900	75.0	38.42342342342342	1.6500000000000008
901	80.0	38.42205408309456	1.6500000000000008
902	85.0	38.43287420061714	1.6500000000000008
903	85.0	38.44015232734745	1.6500000000000008
904	85.0	38.4450158404355	1.6500000000000008
905	80.0	38.44953423070066	1.6500000000000008
906	85.0	38.45432082275945	1.6500000000000008
907	80.0	38.45881882059948	1.6500000000000008
908	90.0	38.461196748256405	1.6500000000000008
909	85.0	38.46140619453319	1.6500000000000008
910	75.0	38.461504365941224	1.6500000000000008
911	75.0	38.45938855928451	1.6500000000000008
912	75.0	38.45854893635841	1.6500000000000008
913	75.0	38.458760381692876	1.6500000000000008
914	80.0	38.454834296809494	1.6500000000000008
915	80.0	38.44744556113903	1.6500000000000008
916	85.0	38.44524679670644	1.6500000000000008
917	65.0	38.43997404996481	1.6500000000000008
918	70.0	38.43273582004306	1.6500000000000008
919	80.0	38.42820152725358	1.6500000000000008
920	85.0	38.425047126386396	1.6500000000000008
921	90.0	38.42293965668243	1.6500000000000008
922	90.0	38.44057565285858	1.6500000000000008
923	85.0	38.44785021410469	1.6500000000000008
924	95.0	38.45341757234516	1.6500000000000008
925	85.0	38.460226281827694	1.6500000000000008
926	85.0	38.46516919994774	1.6500000000000008
927	85.0	38.473201078917604	1.6500000000000008
928	90.0	38.477956194863324	1.6500000000000008
929	90.0	38.48042194825491	1.6500000000000008
930	80.0	38.483044967694376	1.6500000000000008
931	85.0	38.489831499610155	1.6500000000000008
932	90.0	38.498766820994334	1.6500000000000008
933	90.0	38.50357667704011	1.6500000000000008
934	85.0	38.5091857000993	1.6500000000000008
935	80.0	38.51613042353144	1.6500000000000008
936	85.0	38.520529059497655	1.6500000000000008
937	85.0	38.524972026166296	1.6500000000000008
938	80.0	38.52994282275053	1.6500000000000008
939	95.0	38.53409774113201	1.6500000000000008
940	85.0	38.53572347818626	1.6500000000000008
941	90.0	38.538631299280084	1.6500000000000008
942	95.0	38.56106331064595	1.6500000000000008
943	95.0	38.57607115368169	1.6500000000000008
944	95.0	38.58853743966512	1.6500000000000008
945	95.0	38.59655017921147	1.6500000000000008
946	90.0	38.60411960274498	1.6500000000000008
947	80.0	38.61268415226092	1.6500000000000008
948	90.0	38.62213432010548	1.6500000000000008
949	90.0	38.62699694085656	1.6500000000000008
950	90.0	38.63046984423411	1.6500000000000008
951	80.0	38.63250445179344	1.6500000000000008
952	90.0	38.6387171233747	1.6500000000000008
953	80.0	38.64010407852429	1.6500000000000008
954	80.0	38.63958623895862	1.6500000000000008
955	85.0	38.64271088406654	1.6500000000000008
956	85.0	38.6431930327696	1.6500000000000008
957	90.0	38.645622682844625	1.6500000000000008
958	80.0	38.64531164513278	1.6500000000000008
959	75.0	38.64379256705625	1.6500000000000008
960	85.0	38.64154172441309	1.6500000000000008
961	80.0	38.639400486658836	1.6500000000000008
962	90.0	38.65717069695319	1.6500000000000008
963	90.0	38.67312442434899	1.6500000000000008
964	95.0	38.68156915227301	1.6500000000000008
965	95.0	38.69119735962567	1.6500000000000008
966	85.0	38.69929260047577	1.6500000000000008
967	85.0	38.70742308013008	1.6500000000000008
968	90.0	38.71220482278955	1.6500000000000008
969	80.0	38.71552046929605	1.6500000000000008
970	85.0	38.72002410539878	1.6500000000000008
971	85.0	38.7230652661297	1.6500000000000008
972	95.0	38.72568537182199	1.6500000000000008
973	90.0	38.72824825986079	1.6500000000000008
974	90.0	38.730805844128966	1.6500000000000008
975	90.0	38.740128586785744	1.6500000000000008
976	90.0	38.744733798686546	1.6500000000000008
977	85.0	38.746131787423664	1.6500000000000008
978	85.0	38.74984543093854	1.6500000000000008
979	90.0	38.75473523840896	1.6500000000000008
980	95.0	38.75781539220929	1.6500000000000008
981	85.0	38.761197403024326	1.6500000000000008
982	95.0	38.784173473995324	1.6500000000000008
983	95.0	38.800387517428035	1.6500000000000008
984	90.0	38.81339355208718	1.6500000000000008
985	90.0	38.826066050090034	1.6500000000000008
986	85.0	38.831047381546135	1.6500000000000008
987	90.0	38.839285714285715	1.6500000000000008
988	95.0	38.848068214271144	1.6500000000000008
989	85.0	38.856425252689924	1.6500000000000008
990	80.0	38.86420544766093	1.6500000000000008
991	95.0	38.87100382331408	1.6500000000000008
992	80.0	38.87240461582219	1.6500000000000008
993	95.0	38.877861665854844	1.6500000000000008
994	90.0	38.88188840679616	1.6500000000000008
995	85.0	38.88975532690594	1.6500000000000008
996	85.0	38.89421715025697	1.6500000000000008
997	90.0	38.8985183538163	1.6500000000000008
998	90.0	38.90276038932192	1.6500000000000008
999	80.0	38.905985233599615	1.6500000000000008
1000	80.0	38.908397484986494	1.6500000000000008
1001	80.0	38.90854002254792	1.6500000000000008
1002	90.0	38.923263344193714	1.6500000000000008
1003	85.0	38.9340392188379	1.6500000000000008
1004	80.0	38.941782746577815	1.6500000000000008
1005	90.0	38.94860843760026	1.6500000000000008
1006	95.0	38.95386803413325	1.6500000000000008
1007	85.0	38.95811654526535	1.6500000000000008
1008	80.0	38.95975770660909	1.6500000000000008
1009	90.0	38.961944799488734	1.6500000000000008
1010	80.0	38.96412752882966	1.6500000000000008
1011	85.0	38.963664992426054	1.6500000000000008
1012	85.0	38.965144757277685	1.6500000000000008
1013	90.0	38.971644255251434	1.6500000000000008
1014	90.0	38.97743531656135	1.6500000000000008
1015	90.0	38.98122965139363	1.6500000000000008
1016	90.0	38.984471064218	1.6500000000000008
1017	85.0	38.987606990014264	1.6500000000000008
1018	90.0	38.98732235461779	1.6500000000000008
1019	95.0	38.989163964248995	1.6500000000000008
1020	90.0	38.98966852356683	1.6500000000000008
1021	75.0	38.98637314493211	1.6500000000000008
1022	85.0	39.00225740309925	1.6500000000000008
1023	80.0	39.01431891593792	1.6500000000000008
1024	90.0	39.02424147022943	1.6500000000000008
1025	80.0	39.02883708130209	1.6500000000000008
1026	90.0	39.03342366757001	1.6500000000000008
1027	90.0	39.03667699913678	1.6500000000000008
1028	85.0	39.040707929912585	1.6500000000000008
1029	90.0	39.04409461152882	1.6500000000000008
1030	75.0	39.04664332381362	1.6500000000000008
1031	80.0	39.05206949112796	1.6500000000000008
1032	85.0	39.0529948069189	1.6500000000000008
1033	80.0	39.0546984709003	1.6500000000000008
1034	80.0	39.05566813452321	1.6500000000000008
1035	90.0	39.05770653274157	1.6500000000000008
1036	80.0	39.056094667651976	1.6500000000000008
1037	80.0	39.053465962076466	1.6500000000000008
1038	90.0	39.055549085827415	1.6500000000000008
1039	80.0	39.05840378499961	1.6500000000000008
1040	85.0	39.06226996241912	1.6500000000000008
1041	85.0	39.06438690199721	1.6500000000000008
1042	90.0	39.07911527009783	1.6500000000000008
1043	90.0	39.08884145870355	1.6500000000000008
1044	85.0	39.09714985913319	1.6500000000000008
1045	85.0	39.10288787785318	1.6500000000000008
1046	90.0	39.1060147914179	1.6500000000000008
1047	80.0	39.10927999692142	1.6500000000000008
1048	85.0	39.114557302679636	1.6500000000000008
1049	85.0	39.11521547088646	1.6500000000000008
1050	80.0	39.11222708261387	1.6500000000000008
1051	75.0	39.10938817756651	1.6500000000000008
1052	80.0	39.105836620581364	1.6500000000000008
