1	100.0	62.734375	0.0
2	100.0	63.6328125	0.05
3	100.0	66.40625	0.1
4	100.0	69.23828125	0.15000000000000002
5	100.0	71.546875	0.2
6	100.0	74.70052083333333	0.25
7	100.0	76.69642857142857	0.3
8	100.0	77.65625	0.35
9	100.0	77.91666666666667	0.39999999999999997
10	100.0	78.3046875	0.44999999999999996
11	95.0	77.88352272727273	0.49999999999999994
12	95.0	77.33072916666667	0.49999999999999994
13	100.0	77.27764423076923	0.49999999999999994
14	100.0	76.56808035714286	0.5499999999999999
15	85.0	75.359375	0.6
16	85.0	74.5556640625	0.6
17	85.0	73.62591911764706	0.6
18	85.0	72.77777777777777	0.6
19	85.0	72.00246710526316	0.6
20	85.0	71.45703125	0.6
21	90.0	71.00446428571429	0.6
22	95.0	70.297783933518	0.6
23	90.0	69.87046632124353	0.6
24	90.0	69.47688564476886	0.6
25	85.0	69.04816513761467	0.6
26	85.0	68.61984815618221	0.6
27	90.0	68.02211934156378	0.6
28	90.0	67.793542074364	0.6
29	95.0	67.50699626865672	0.6
30	90.0	67.0120320855615	0.6
31	85.0	66.79607508532423	0.6
32	100.0	66.45253682487726	0.6
33	85.0	65.85888364779875	0.65
34	90.0	65.26664145234493	0.65
35	90.0	64.85422740524781	0.65
36	90.0	64.49542897327707	0.65
37	80.0	63.97758152173913	0.65
38	80.0	63.659658344283834	0.65
39	85.0	63.36354961832061	0.65
40	95.0	63.050246609124535	0.65
41	80.0	62.77811004784689	0.65
42	80.0	62.6335656213705	0.65
43	85.0	62.48589164785553	0.65
44	85.0	62.328485181119646	0.65
45	80.0	62.05395299145299	0.65
46	80.0	61.76508844953174	0.65
47	85.0	61.61764705882353	0.65
48	90.0	61.43422354104847	0.65
49	90.0	61.25965250965251	0.65
50	90.0	61.093308199811496	0.65
51	90.0	60.84369244935543	0.65
52	80.0	60.697569756975696	0.65
53	85.0	60.539172535211264	0.65
54	85.0	60.34345391903531	0.65
55	85.0	60.238195615514336	0.65
56	85.0	60.08670520231214	0.65
57	85.0	60.03033980582524	0.65
58	80.0	59.88996827914354	0.65
59	85.0	59.74241835147745	0.65
60	85.0	59.607170099160946	0.65
61	90.0	59.54715568862275	0.65
62	90.0	59.60874357090375	0.65
63	90.0	59.56439393939394	0.65
64	90.0	59.486180014174344	0.65
65	85.0	59.44637883008357	0.65
66	85.0	59.397672826830934	0.65
67	85.0	59.33630551816958	0.65
68	90.0	59.2753143613501	0.65
69	95.0	59.249674479166664	0.65
70	90.0	59.19362588084561	0.65
71	85.0	59.130674653215635	0.65
72	80.0	59.072780881440096	0.65
73	90.0	59.052567237163814	0.65
74	85.0	59.00888019265503	0.65
75	75.0	58.9279359430605	0.65
76	95.0	58.91437755698422	0.65
77	85.0	58.90408986175115	0.65
78	95.0	58.87421919363998	0.65
79	90.0	58.82418812989921	0.65
80	80.0	58.76794588625069	0.65
81	85.0	58.74046840958606	0.65
82	85.0	58.76477700161204	0.65
83	95.0	58.76590668080594	0.65
84	95.0	58.75981161695447	0.65
85	90.0	58.73579545454545	0.65
86	85.0	58.73725140234574	0.65
87	80.0	58.69020644511581	0.65
88	95.0	58.66732968672302	0.65
89	85.0	58.636419449901766	0.65
90	80.0	58.65477923338185	0.65
91	85.0	58.64393576222435	0.65
92	90.0	58.60729512079583	0.65
93	90.0	58.574438202247194	0.65
94	95.0	58.56894956038871	0.65
95	90.0	58.517268984446474	0.65
96	85.0	58.523857982813205	0.65
97	90.0	58.48781305903399	0.65
98	85.0	58.46306943830164	0.65
99	85.0	58.41535433070866	0.65
100	85.0	58.39733881436607	0.65
101	80.0	58.37756849315068	0.65
102	90.0	58.31692079627277	0.65
103	90.0	58.27640402347024	0.65
104	90.0	58.19991704686852	0.65
105	95.0	58.152709359605915	0.65
106	85.0	58.146586753352295	0.65
107	85.0	58.128519710378114	0.65
108	85.0	58.07248108323377	0.65
109	85.0	58.06831624605678	0.65
110	80.0	58.01737602499024	0.65
111	85.0	58.00222351121423	0.65
112	85.0	57.960551512830335	0.65
113	90.0	57.9073406676783	0.65
114	85.0	57.863115370161594	0.65
115	90.0	57.81459419210722	0.65
116	85.0	57.806621172998895	0.65
117	85.0	57.77457967836257	0.65
118	85.0	57.76349148859109	0.65
119	95.0	57.74766690595836	0.65
120	100.0	57.71522589825685	0.65
121	85.0	57.65558885754584	0.7000000000000001
122	80.0	57.624956308982874	0.7000000000000001
123	85.0	57.57926195426195	0.7000000000000001
124	85.0	57.502576434215044	0.7000000000000001
125	85.0	57.439117847411445	0.7000000000000001
126	85.0	57.380108071597434	0.7000000000000001
127	90.0	57.30031815137308	0.7000000000000001
128	80.0	57.23804383925606	0.7000000000000001
129	80.0	57.1586791831357	0.7000000000000001
130	90.0	57.09286180986606	0.7000000000000001
131	80.0	57.04026247569669	0.7000000000000001
132	80.0	57.00297332047573	0.7000000000000001
133	95.0	56.92681760204081	0.7000000000000001
134	85.0	56.882315722872505	0.7000000000000001
135	75.0	56.814579409918395	0.7000000000000001
136	80.0	56.75490501401433	0.7000000000000001
137	90.0	56.68070148331273	0.7000000000000001
138	80.0	56.62373505059798	0.7000000000000001
139	85.0	56.59464394400487	0.7000000000000001
140	80.0	56.522953790395654	0.7000000000000001
141	80.0	56.48868405275779	0.7000000000000001
142	90.0	56.4909997024695	0.7000000000000001
143	80.0	56.479252805670406	0.7000000000000001
144	80.0	56.43689533861038	0.7000000000000001
145	85.0	56.406431897555294	0.7000000000000001
146	80.0	56.37676971973418	0.7000000000000001
147	85.0	56.34789156626506	0.7000000000000001
148	90.0	56.3187126174879	0.7000000000000001
149	90.0	56.278987556561084	0.7000000000000001
150	85.0	56.27176354956473	0.7000000000000001
151	85.0	56.252788622420525	0.7000000000000001
152	90.0	56.226806978676265	0.7000000000000001
153	90.0	56.20565181518152	0.7000000000000001
154	80.0	56.16054356733133	0.7000000000000001
155	75.0	56.10451709169832	0.7000000000000001
156	85.0	56.077539746699	0.7000000000000001
157	85.0	56.050254282655246	0.7000000000000001
158	85.0	56.02665514490827	0.7000000000000001
159	85.0	56.004688325409404	0.7000000000000001
160	80.0	55.970873786407765	0.7000000000000001
161	85.0	55.90491397288842	0.7000000000000001
162	90.0	55.893874643874646	0.7000000000000001
163	75.0	55.86978898610396	0.7000000000000001
164	90.0	55.835464075683966	0.7000000000000001
165	80.0	55.78760162601626	0.7000000000000001
166	85.0	55.75391315324413	0.7000000000000001
167	85.0	55.723469643753134	0.7000000000000001
168	85.0	55.69621042134131	0.7000000000000001
169	75.0	55.66123637264619	0.7000000000000001
170	90.0	55.62423048510219	0.7000000000000001
171	80.0	55.59134850709741	0.7000000000000001
172	85.0	55.53362928727803	0.7000000000000001
173	85.0	55.485372340425535	0.7000000000000001
174	80.0	55.42447728911319	0.7000000000000001
175	85.0	55.36490683229814	0.7000000000000001
176	80.0	55.318511042507716	0.7000000000000001
177	80.0	55.28623701605288	0.7000000000000001
178	85.0	55.25375498709223	0.7000000000000001
179	80.0	55.21756882874475	0.7000000000000001
180	80.0	55.17513337972628	0.7000000000000001
181	80.0	55.14702490774908	0.7000000000000001
182	85.0	55.142455858747994	0.7000000000000001
183	85.0	55.108299133606934	0.7000000000000001
184	80.0	55.08189752890501	0.7000000000000001
185	80.0	55.0535392245266	0.7000000000000001
186	80.0	55.02774041694687	0.7000000000000001
187	95.0	55.00863798484173	0.7000000000000001
188	85.0	54.99667479494569	0.7000000000000001
189	80.0	54.98098544973545	0.7000000000000001
190	85.0	54.96683841262881	0.7000000000000001
191	80.0	54.93976232010467	0.7000000000000001
192	80.0	54.907286922576446	0.7000000000000001
193	80.0	54.89080025884383	0.7000000000000001
194	80.0	54.86778588285775	0.7000000000000001
195	85.0	54.84368331199317	0.7000000000000001
196	80.0	54.8238165994481	0.7000000000000001
197	90.0	54.80363175675676	0.7000000000000001
198	85.0	54.78339634530561	0.7000000000000001
199	90.0	54.76676765566235	0.7000000000000001
200	75.0	54.7362814383704	0.7000000000000001
201	80.0	54.706627377998345	0.7000000000000001
202	85.0	54.675221147911955	0.7000000000000001
203	80.0	54.62648383135489	0.7000000000000001
204	80.0	54.57213398493179	0.7000000000000001
205	75.0	54.52517220421394	0.7000000000000001
206	80.0	54.48069945575489	0.7000000000000001
207	80.0	54.43617127958283	0.7000000000000001
208	75.0	54.3900917980443	0.7000000000000001
209	80.0	54.36358220810167	0.7000000000000001
210	75.0	54.32967792926299	0.7000000000000001
211	80.0	54.3012681871805	0.7000000000000001
212	70.0	54.265799256505574	0.7000000000000001
213	80.0	54.23164914330218	0.7000000000000001
214	80.0	54.192501453206745	0.7000000000000001
215	80.0	54.155418434246045	0.7000000000000001
216	80.0	54.122769142199196	0.7000000000000001
217	75.0	54.08112108479756	0.7000000000000001
218	80.0	54.06053982132674	0.7000000000000001
219	85.0	54.03495081346954	0.7000000000000001
220	75.0	54.00842590849181	0.7000000000000001
221	75.0	53.979338455772115	0.7000000000000001
222	85.0	53.96661070695766	0.7000000000000001
223	80.0	53.94309320460453	0.7000000000000001
224	85.0	53.924875254111996	0.7000000000000001
225	85.0	53.89762693156733	0.7000000000000001
226	75.0	53.86719465299396	0.7000000000000001
227	85.0	53.85458439664601	0.7000000000000001
228	80.0	53.83596443476683	0.7000000000000001
229	85.0	53.804190751445084	0.7000000000000001
230	80.0	53.78461607624528	0.7000000000000001
231	80.0	53.76700680272109	0.7000000000000001
232	75.0	53.73596506861522	0.7000000000000001
233	80.0	53.70408977998581	0.7000000000000001
234	80.0	53.679782723900374	0.7000000000000001
235	85.0	53.66492261695392	0.7000000000000001
236	85.0	53.643626335142706	0.7000000000000001
237	80.0	53.60944037656904	0.7000000000000001
238	80.0	53.58856969276167	0.7000000000000001
239	75.0	53.55772554441756	0.7000000000000001
240	85.0	53.54543107898812	0.7000000000000001
241	90.0	53.5236034955449	0.7000000000000001
242	85.0	53.53992492748678	0.7000000000000001
243	90.0	53.54039245667686	0.7000000000000001
244	85.0	53.5302825241076	0.7000000000000001
245	85.0	53.527417452830186	0.7000000000000001
246	85.0	53.52101157523905	0.7000000000000001
247	85.0	53.51445038422987	0.7000000000000001
248	80.0	53.50066544668108	0.7000000000000001
249	80.0	53.46773525513585	0.7000000000000001
250	80.0	53.45240059396139	0.7000000000000001
251	80.0	53.42733322379231	0.7000000000000001
252	80.0	53.412493863524794	0.7000000000000001
253	75.0	53.40062744458931	0.7000000000000001
254	80.0	53.38662554780068	0.7000000000000001
255	80.0	53.37394924021985	0.7000000000000001
256	85.0	53.34990339719852	0.7000000000000001
257	85.0	53.34248717126363	0.7000000000000001
258	80.0	53.3223526593196	0.7000000000000001
259	75.0	53.29124244352529	0.7000000000000001
260	85.0	53.26889557914752	0.7000000000000001
261	90.0	53.24909248737374	0.7000000000000001
262	85.0	53.24595189435623	0.7000000000000001
263	75.0	53.22404478546821	0.7000000000000001
264	80.0	53.199773826236154	0.7000000000000001
265	80.0	53.17394344313238	0.7000000000000001
266	80.0	53.1442501160811	0.7000000000000001
267	80.0	53.11016034535923	0.7000000000000001
268	80.0	53.0815158961757	0.7000000000000001
269	85.0	53.06839045287638	0.7000000000000001
270	75.0	53.036694101508914	0.7000000000000001
271	75.0	53.01207105982387	0.7000000000000001
272	80.0	52.988012403569805	0.7000000000000001
273	85.0	52.9714813140446	0.7000000000000001
274	80.0	52.94888154931692	0.7000000000000001
275	80.0	52.911868082560574	0.7000000000000001
276	90.0	52.88705111011772	0.7000000000000001
277	95.0	52.873181413301666	0.7000000000000001
278	90.0	52.866254991865105	0.7000000000000001
279	85.0	52.84832743884468	0.7000000000000001
280	75.0	52.82410806049038	0.7000000000000001
281	80.0	52.80280866003511	0.7000000000000001
282	85.0	52.79332458825244	0.7000000000000001
283	75.0	52.772473133894856	0.7000000000000001
284	80.0	52.7485168571842	0.7000000000000001
285	80.0	52.73770905420992	0.7000000000000001
286	85.0	52.72141215342623	0.7000000000000001
287	80.0	52.7089894073862	0.7000000000000001
288	85.0	52.68595778063044	0.7000000000000001
289	75.0	52.661846219442864	0.7000000000000001
290	75.0	52.64799603455601	0.7000000000000001
291	75.0	52.62912785774767	0.7000000000000001
292	85.0	52.61619322176909	0.7000000000000001
293	80.0	52.58968609865471	0.7000000000000001
294	80.0	52.58081971791649	0.7000000000000001
295	85.0	52.56662259949903	0.7000000000000001
296	80.0	52.54715018721398	0.7000000000000001
297	85.0	52.529194306246545	0.7000000000000001
298	80.0	52.50671395124638	0.7000000000000001
299	90.0	52.4881622289322	0.7000000000000001
300	85.0	52.475550540281766	0.7000000000000001
301	80.0	52.462513631406765	0.7000000000000001
302	80.0	52.468074989811164	0.7000000000000001
303	90.0	52.46767533170864	0.7000000000000001
304	90.0	52.46188098772095	0.7000000000000001
305	85.0	52.46016003227542	0.7000000000000001
306	85.0	52.4483983380244	0.7000000000000001
307	75.0	52.442893401015226	0.7000000000000001
308	85.0	52.443249900146455	0.7000000000000001
309	80.0	52.4364716029724	0.7000000000000001
310	75.0	52.42163734955694	0.7000000000000001
311	80.0	52.41200896388084	0.7000000000000001
312	80.0	52.404743134936275	0.7000000000000001
313	85.0	52.38901257202724	0.7000000000000001
314	90.0	52.3790954183527	0.7000000000000001
315	90.0	52.36810434556336	0.7000000000000001
316	80.0	52.35459084424848	0.7000000000000001
317	90.0	52.33922569803516	0.7000000000000001
318	95.0	52.328791392861746	0.7000000000000001
319	80.0	52.31906627279733	0.7000000000000001
320	80.0	52.31932531045961	0.7000000000000001
321	85.0	52.30809724349158	0.7000000000000001
322	80.0	52.319043378705	0.7000000000000001
323	90.0	52.32643291909714	0.7000000000000001
324	80.0	52.32792946530148	0.7000000000000001
325	85.0	52.323588709677416	0.7000000000000001
326	80.0	52.325398819243816	0.7000000000000001
327	90.0	52.3173365890308	0.7000000000000001
328	80.0	52.329609287230056	0.7000000000000001
329	85.0	52.33247262319562	0.7000000000000001
330	85.0	52.33330231981144	0.7000000000000001
331	80.0	52.33613653227801	0.7000000000000001
332	85.0	52.33248058192578	0.7000000000000001
333	85.0	52.34113815142576	0.7000000000000001
334	85.0	52.35096801862517	0.7000000000000001
335	85.0	52.35814194967017	0.7000000000000001
336	80.0	52.35963950797711	0.7000000000000001
337	80.0	52.35703011170471	0.7000000000000001
338	85.0	52.35670620990195	0.7000000000000001
339	80.0	52.36558653149891	0.7000000000000001
340	85.0	52.36313319696787	0.7000000000000001
341	80.0	52.36759237044146	0.7000000000000001
342	85.0	52.357971534505445	0.7000000000000001
343	90.0	52.343787264488434	0.7000000000000001
344	85.0	52.343211270954704	0.7000000000000001
345	80.0	52.34026789947843	0.7000000000000001
346	75.0	52.32847772130954	0.7000000000000001
347	75.0	52.31410558567052	0.7000000000000001
348	80.0	52.30628010809541	0.7000000000000001
349	85.0	52.30377225866916	0.7000000000000001
350	90.0	52.301571078145074	0.7000000000000001
351	95.0	52.29501514092709	0.7000000000000001
352	90.0	52.29648124491929	0.7000000000000001
353	75.0	52.28997799907364	0.7000000000000001
354	80.0	52.28394527190856	0.7000000000000001
355	90.0	52.28413539028321	0.7000000000000001
356	85.0	52.27829755481575	0.7000000000000001
357	80.0	52.269488324175825	0.7000000000000001
358	80.0	52.2694327131606	0.7000000000000001
359	85.0	52.265536080127475	0.7000000000000001
360	80.0	52.259249801384634	0.7000000000000001
361	90.0	52.24988682661838	0.7000000000000001
362	80.0	52.25679945830042	0.7000000000000001
363	80.0	52.2618444744542	0.7000000000000001
364	75.0	52.26700145887106	0.7000000000000001
365	85.0	52.27059086839749	0.7000000000000001
366	85.0	52.2628612878027	0.7000000000000001
367	80.0	52.25740040062319	0.7000000000000001
368	80.0	52.25072134058373	0.7000000000000001
369	80.0	52.24836764054891	0.7000000000000001
370	80.0	52.24588897472685	0.7000000000000001
371	85.0	52.23613251155624	0.7000000000000001
372	85.0	52.23438700471957	0.7000000000000001
373	80.0	52.2299146234676	0.7000000000000001
374	80.0	52.22410217225194	0.7000000000000001
375	80.0	52.22662203352928	0.7000000000000001
376	75.0	52.2186787536641	0.7000000000000001
377	85.0	52.21957557384149	0.7000000000000001
378	80.0	52.21668826260663	0.7000000000000001
379	95.0	52.22700839974155	0.7000000000000001
380	85.0	52.225727633981315	0.7000000000000001
381	80.0	52.220704798628965	0.7000000000000001
382	90.0	52.24375066766371	0.7000000000000001
383	80.0	52.25015981248668	0.7000000000000001
384	85.0	52.24763574540432	0.7000000000000001
385	80.0	52.24393281051293	0.7000000000000001
386	90.0	52.24328823591586	0.7000000000000001
387	85.0	52.24844507695551	0.7000000000000001
388	85.0	52.24818631058774	0.7000000000000001
389	80.0	52.25081270973154	0.7000000000000001
390	80.0	52.24989540843008	0.7000000000000001
391	80.0	52.247939703734616	0.7000000000000001
392	90.0	52.246904588492356	0.7000000000000001
393	80.0	52.234848484848484	0.7000000000000001
394	90.0	52.247567539592175	0.7000000000000001
395	80.0	52.24834813132356	0.7000000000000001
396	80.0	52.24848110390279	0.7000000000000001
397	85.0	52.24347781429745	0.7000000000000001
398	85.0	52.232097121196595	0.7000000000000001
399	85.0	52.22307377886777	0.7000000000000001
400	95.0	52.22441647130771	0.7000000000000001
401	80.0	52.219398129320865	0.7000000000000001
402	80.0	52.217447520535444	0.7000000000000001
403	85.0	52.209311147076676	0.7000000000000001
404	85.0	52.204621128039555	0.7000000000000001
405	90.0	52.201967592592595	0.7000000000000001
406	80.0	52.19794699327377	0.7000000000000001
407	80.0	52.193821349889845	0.7000000000000001
408	80.0	52.190215762661076	0.7000000000000001
409	85.0	52.18874551614189	0.7000000000000001
410	90.0	52.18529470231587	0.7000000000000001
411	80.0	52.179382312115806	0.7000000000000001
412	85.0	52.18054594006527	0.7000000000000001
413	80.0	52.18441692975533	0.7000000000000001
414	90.0	52.19122133648263	0.7000000000000001
415	85.0	52.19148831729825	0.7000000000000001
416	85.0	52.193100577808245	0.7000000000000001
417	80.0	52.18762211801485	0.7000000000000001
418	80.0	52.17912484163337	0.7000000000000001
419	85.0	52.17638051720785	0.7000000000000001
420	80.0	52.17401318979731	0.7000000000000001
421	90.0	52.16730359907121	0.7000000000000001
422	90.0	52.17594826754174	0.7000000000000001
423	85.0	52.17660793375698	0.7000000000000001
424	85.0	52.180506195370285	0.7000000000000001
425	85.0	52.187979110770414	0.7000000000000001
426	75.0	52.18334767230666	0.7000000000000001
427	80.0	52.180288003051686	0.7000000000000001
428	85.0	52.181999809723145	0.7000000000000001
429	90.0	52.184296697038725	0.7000000000000001
430	80.0	52.17959946974718	0.7000000000000001
431	85.0	52.178230682032876	0.7000000000000001
432	85.0	52.1796955989068	0.7000000000000001
433	90.0	52.17845054531779	0.7000000000000001
434	80.0	52.181666822999716	0.7000000000000001
435	85.0	52.17691371888452	0.7000000000000001
436	85.0	52.17556717393334	0.7000000000000001
437	85.0	52.17189828614009	0.7000000000000001
438	85.0	52.17091813028529	0.7000000000000001
439	90.0	52.17492582977934	0.7000000000000001
440	85.0	52.1679308112108	0.7000000000000001
441	80.0	52.16696659283868	0.7000000000000001
442	85.0	52.17624988490931	0.7000000000000001
443	85.0	52.18135678853574	0.7000000000000001
444	80.0	52.18139950508661	0.7000000000000001
445	85.0	52.188185808339426	0.7000000000000001
446	85.0	52.19220417845087	0.7000000000000001
447	85.0	52.1996176952485	0.7000000000000001
448	85.0	52.2001861774589	0.7000000000000001
449	85.0	52.202564334903954	0.7000000000000001
450	85.0	52.20255853901094	0.7000000000000001
451	85.0	52.19612574418185	0.7000000000000001
452	75.0	52.18870938709387	0.7000000000000001
453	85.0	52.190642959770116	0.7000000000000001
454	80.0	52.18954394767494	0.7000000000000001
455	80.0	52.18487394957983	0.7000000000000001
456	85.0	52.18613415395593	0.7000000000000001
457	80.0	52.182605019579924	0.7000000000000001
458	80.0	52.179757570375635	0.7000000000000001
459	80.0	52.170941874889245	0.7000000000000001
460	85.0	52.172221731058265	0.7000000000000001
461	80.0	52.16379234297812	0.7000000000000001
462	90.0	52.172894111433855	0.7000000000000001
463	85.0	52.17877217635693	0.7000000000000001
464	90.0	52.17958548768732	0.7000000000000001
465	85.0	52.18334644980762	0.7000000000000001
466	90.0	52.18403716953146	0.7000000000000001
467	80.0	52.18505136688142	0.7000000000000001
468	85.0	52.17987142733038	0.7000000000000001
469	80.0	52.17991504854369	0.7000000000000001
470	85.0	52.17639045065306	0.7000000000000001
471	100.0	52.176872950112205	0.7000000000000001
472	80.0	52.1643269313582	0.7500000000000001
473	85.0	52.15033086971468	0.7500000000000001
474	75.0	52.13028470971615	0.7500000000000001
475	85.0	52.11813280848879	0.7500000000000001
476	80.0	52.10272393476219	0.7500000000000001
477	80.0	52.08599608043627	0.7500000000000001
478	70.0	52.07231527931298	0.7500000000000001
479	85.0	52.05402596300696	0.7500000000000001
480	75.0	52.04195241723817	0.7500000000000001
481	80.0	52.02053058465698	0.7500000000000001
482	75.0	52.01542871595987	0.7500000000000001
483	75.0	52.01024314319368	0.7500000000000001
484	80.0	52.00455461338259	0.7500000000000001
485	90.0	51.996690683646115	0.7500000000000001
486	75.0	51.984679374634226	0.7500000000000001
487	85.0	51.976576839646256	0.7500000000000001
488	80.0	51.964032969777705	0.7500000000000001
489	85.0	51.95818793619143	0.7500000000000001
490	80.0	51.94687422270127	0.7500000000000001
491	85.0	51.93581416514976	0.7500000000000001
492	75.0	51.93140533399389	0.7500000000000001
493	85.0	51.92598467369809	0.7500000000000001
494	75.0	51.90876572650276	0.7500000000000001
495	75.0	51.89274577383883	0.7500000000000001
496	75.0	51.87464171648514	0.7500000000000001
497	80.0	51.859982837528605	0.7500000000000001
498	85.0	51.838757034499636	0.7500000000000001
499	80.0	51.82901269737913	0.7500000000000001
500	80.0	51.81484038664609	0.7500000000000001
501	80.0	51.8033600843061	0.7500000000000001
502	85.0	51.80608365019011	0.7500000000000001
503	90.0	51.79991522686905	0.7500000000000001
504	75.0	51.79175731206188	0.7500000000000001
505	75.0	51.782727565133484	0.7500000000000001
506	80.0	51.771727790707004	0.7500000000000001
507	85.0	51.762473970847346	0.7500000000000001
508	75.0	51.74156742066981	0.7500000000000001
509	75.0	51.725331046585836	0.7500000000000001
510	75.0	51.71433404983679	0.7500000000000001
511	85.0	51.703082790402036	0.7500000000000001
512	85.0	51.69346205693442	0.7500000000000001
513	75.0	51.67922997784109	0.7500000000000001
514	80.0	51.66890450991233	0.7500000000000001
515	75.0	51.655565189973196	0.7500000000000001
516	80.0	51.647195342616634	0.7500000000000001
517	75.0	51.64248979271357	0.7500000000000001
518	85.0	51.63535381239715	0.7500000000000001
519	75.0	51.6216956045675	0.7500000000000001
520	80.0	51.618433377566156	0.7500000000000001
521	75.0	51.60466656279215	0.7500000000000001
522	75.0	51.60038099681207	0.7500000000000001
523	75.0	51.59126183454912	0.7500000000000001
524	80.0	51.58266207110216	0.7500000000000001
525	80.0	51.56810451453308	0.7500000000000001
526	75.0	51.55591775325978	0.7500000000000001
527	80.0	51.54849453257354	0.7500000000000001
528	80.0	51.53975482284221	0.7500000000000001
529	85.0	51.528651426818044	0.7500000000000001
530	85.0	51.511848250516806	0.7500000000000001
531	75.0	51.49596897447654	0.7500000000000001
532	80.0	51.48453588589734	0.7500000000000001
533	85.0	51.4699109317905	0.7500000000000001
534	85.0	51.45800091178482	0.7500000000000001
535	80.0	51.445472470802365	0.7500000000000001
536	70.0	51.429206721671335	0.7500000000000001
537	75.0	51.41328573587187	0.7500000000000001
538	80.0	51.40477716612624	0.7500000000000001
539	80.0	51.39009107331025	0.7500000000000001
540	75.0	51.38109458342724	0.7500000000000001
541	75.0	51.37203809238152	0.7500000000000001
542	75.0	51.3647930544121	0.7500000000000001
543	80.0	51.36065665620798	0.7500000000000001
544	80.0	51.35485795242711	0.7500000000000001
545	80.0	51.34424307829711	0.7500000000000001
546	85.0	51.33626773642374	0.7500000000000001
547	75.0	51.3265608779475	0.7500000000000001
548	85.0	51.31124639182888	0.7500000000000001
549	80.0	51.2961731678487	0.7500000000000001
550	80.0	51.290004424452476	0.7500000000000001
551	75.0	51.27898204033564	0.7500000000000001
552	80.0	51.269561384174565	0.7500000000000001
553	80.0	51.2585252273394	0.7500000000000001
554	75.0	51.25018300270844	0.7500000000000001
555	75.0	51.24013590530469	0.7500000000000001
556	75.0	51.226934578076	0.7500000000000001
557	80.0	51.21405430984275	0.7500000000000001
558	75.0	51.2028558971005	0.7500000000000001
559	80.0	51.19106339764979	0.7500000000000001
560	80.0	51.17940409818261	0.7500000000000001
561	70.0	51.16950346921075	0.7500000000000001
562	80.0	51.155850948705	0.7500000000000001
563	80.0	51.13999711940084	0.7500000000000001
564	85.0	51.131927970670695	0.7500000000000001
565	80.0	51.11859572330654	0.7500000000000001
566	85.0	51.11399613208223	0.7500000000000001
567	80.0	51.1025311025311	0.7500000000000001
568	75.0	51.0928912996931	0.7500000000000001
569	75.0	51.08070319179253	0.7500000000000001
570	80.0	51.07122537515113	0.7500000000000001
571	80.0	51.059385205168255	0.7500000000000001
572	75.0	51.04971298986606	0.7500000000000001
573	85.0	51.0413129598189	0.7500000000000001
574	75.0	51.03011792952475	0.7500000000000001
575	80.0	51.02645213590864	0.7500000000000001
576	80.0	51.01497079726972	0.7500000000000001
577	75.0	51.00247611688677	0.7500000000000001
578	70.0	50.98713273963958	0.7500000000000001
579	80.0	50.97411801763965	0.7500000000000001
580	80.0	50.96394381943959	0.7500000000000001
581	75.0	50.958164760044646	0.7500000000000001
582	80.0	50.96023953763665	0.7500000000000001
583	85.0	50.95848394272209	0.7500000000000001
584	75.0	50.95309138852266	0.7500000000000001
585	75.0	50.948323635356054	0.7500000000000001
586	80.0	50.94236221561441	0.7500000000000001
587	80.0	50.936593952782	0.7500000000000001
588	75.0	50.93213768864999	0.7500000000000001
589	75.0	50.925030957622454	0.7500000000000001
590	80.0	50.91425726255065	0.7500000000000001
591	80.0	50.90754833401892	0.7500000000000001
592	75.0	50.89752583669838	0.7500000000000001
593	75.0	50.88830623121071	0.7500000000000001
594	75.0	50.879714889843804	0.7500000000000001
595	75.0	50.87021653275228	0.7500000000000001
596	70.0	50.859815784107134	0.7500000000000001
597	75.0	50.851062024972855	0.7500000000000001
598	80.0	50.84674141318339	0.7500000000000001
599	75.0	50.836855809549576	0.7500000000000001
600	80.0	50.82945108365404	0.7500000000000001
601	80.0	50.82198705850634	0.7500000000000001
602	75.0	50.81993136397281	0.7500000000000001
603	80.0	50.81670697299476	0.7500000000000001
604	85.0	50.81324190195158	0.7500000000000001
605	85.0	50.8060223620782	0.7500000000000001
606	85.0	50.799578905153396	0.7500000000000001
607	80.0	50.79507540371013	0.7500000000000001
608	80.0	50.78550729465059	0.7500000000000001
609	85.0	50.77921322160149	0.7500000000000001
610	85.0	50.771114135847554	0.7500000000000001
611	85.0	50.761384727561975	0.7500000000000001
612	85.0	50.75880153530541	0.7500000000000001
613	85.0	50.75391450845666	0.7500000000000001
614	85.0	50.74714728579909	0.7500000000000001
615	70.0	50.73587514816278	0.7500000000000001
616	75.0	50.73302215501939	0.7500000000000001
617	80.0	50.728127461275925	0.7500000000000001
618	75.0	50.71636852106677	0.7500000000000001
619	70.0	50.70742836582494	0.7500000000000001
620	80.0	50.70015021879694	0.7500000000000001
621	75.0	50.69403690662494	0.7500000000000001
622	85.0	50.697789857431154	0.7500000000000001
623	85.0	50.69982451579358	0.7500000000000001
624	85.0	50.69593147751606	0.7500000000000001
625	80.0	50.691727131381185	0.7500000000000001
626	85.0	50.686404501649314	0.7500000000000001
627	80.0	50.6839241895906	0.7500000000000001
628	90.0	50.67331248791181	0.7500000000000001
629	80.0	50.66957389289392	0.7500000000000001
630	80.0	50.66576698155645	0.7500000000000001
631	85.0	50.65956627742846	0.7500000000000001
632	80.0	50.65482672474537	0.7500000000000001
633	80.0	50.64794384753134	0.7500000000000001
634	75.0	50.641641657620845	0.7500000000000001
635	75.0	50.63352671171746	0.7500000000000001
636	90.0	50.62551715358666	0.7500000000000001
637	75.0	50.615944331469244	0.7500000000000001
638	70.0	50.61005012372311	0.7500000000000001
639	80.0	50.601165589763085	0.7500000000000001
640	80.0	50.59452280058187	0.7500000000000001
641	80.0	50.58608550138924	0.7500000000000001
642	75.0	50.58374314355967	0.7500000000000001
643	80.0	50.58164421503211	0.7500000000000001
644	75.0	50.57648796430143	0.7500000000000001
645	75.0	50.574877635542165	0.7500000000000001
646	80.0	50.57170603345655	0.7500000000000001
647	75.0	50.568544351307395	0.7500000000000001
648	80.0	50.56187933295859	0.7500000000000001
649	80.0	50.55367610376653	0.7500000000000001
650	75.0	50.55149118983874	0.7500000000000001
651	90.0	50.539910481163744	0.7500000000000001
652	80.0	50.53364161132146	0.7500000000000001
653	90.0	50.53087816063461	0.7500000000000001
654	80.0	50.52557081863746	0.7500000000000001
655	75.0	50.51665019152354	0.7500000000000001
656	85.0	50.511381160940104	0.7500000000000001
657	75.0	50.503356738112835	0.7500000000000001
658	75.0	50.49366582620995	0.7500000000000001
659	75.0	50.48408141962422	0.7500000000000001
660	75.0	50.47483293482926	0.7500000000000001
661	80.0	50.46752571008815	0.7500000000000001
662	75.0	50.46543609803802	0.7500000000000001
663	80.0	50.46083546930306	0.7500000000000001
664	80.0	50.45784839436963	0.7500000000000001
665	75.0	50.45289303966902	0.7500000000000001
666	75.0	50.447497114391595	0.7500000000000001
667	90.0	50.438781390270535	0.7500000000000001
668	80.0	50.432968929804375	0.7500000000000001
669	75.0	50.43072689888728	0.7500000000000001
670	80.0	50.42426483907977	0.7500000000000001
671	80.0	50.417445435909805	0.7500000000000001
672	75.0	50.404626452350854	0.7500000000000001
673	85.0	50.4007123106516	0.7500000000000001
674	80.0	50.39613468579317	0.7500000000000001
675	75.0	50.38348016301091	0.7500000000000001
676	85.0	50.37692238645204	0.7500000000000001
677	75.0	50.376135277246654	0.7500000000000001
678	75.0	50.3693842849472	0.7500000000000001
679	80.0	50.36473847253664	0.7500000000000001
680	85.0	50.36189102373446	0.7500000000000001
681	75.0	50.35637918745545	0.7500000000000001
682	85.0	50.35903860980962	0.7500000000000001
683	80.0	50.35821094397726	0.7500000000000001
684	80.0	50.353615989592576	0.7500000000000001
685	80.0	50.34910840812471	0.7500000000000001
686	90.0	50.34129768291964	0.7500000000000001
687	75.0	50.333068409278226	0.7500000000000001
688	80.0	50.32993357239433	0.7500000000000001
689	80.0	50.32108476168115	0.7500000000000001
690	75.0	50.31841627102749	0.7500000000000001
691	80.0	50.31370712864334	0.7500000000000001
692	80.0	50.30097598036351	0.7500000000000001
693	80.0	50.2921481092437	0.7500000000000001
694	85.0	50.28305460054775	0.7500000000000001
695	80.0	50.28060630745956	0.7500000000000001
696	85.0	50.27620417175063	0.7500000000000001
697	85.0	50.268478765374795	0.7500000000000001
698	75.0	50.26331035281849	0.7500000000000001
699	80.0	50.26083246557908	0.7500000000000001
700	80.0	50.25735081739934	0.7500000000000001
701	80.0	50.24796665897554	0.7500000000000001
702	75.0	50.24436956396521	0.7500000000000001
703	85.0	50.24437766018636	0.7500000000000001
704	80.0	50.24452932054448	0.7500000000000001
705	80.0	50.241956297315895	0.7500000000000001
706	75.0	50.236527117576316	0.7500000000000001
707	80.0	50.2326146631591	0.7500000000000001
708	75.0	50.224644509165664	0.7500000000000001
709	75.0	50.21712477189781	0.7500000000000001
710	80.0	50.21233130231764	0.7500000000000001
711	80.0	50.20826225406574	0.7500000000000001
712	80.0	50.203565953097495	0.7500000000000001
713	75.0	50.196331367657066	0.7500000000000001
714	80.0	50.19088669950739	0.7500000000000001
715	75.0	50.18524539183535	0.7500000000000001
716	80.0	50.17637344023488	0.7500000000000001
717	75.0	50.17006371222372	0.7500000000000001
718	80.0	50.16553122008896	0.7500000000000001
719	80.0	50.15953558978972	0.7500000000000001
720	85.0	50.153065521307056	0.7500000000000001
721	85.0	50.14072662031846	0.7500000000000001
722	80.0	50.141439449079	0.7500000000000001
723	85.0	50.13963435088896	0.7500000000000001
724	75.0	50.13853218692424	0.7500000000000001
725	75.0	50.13192740856378	0.7500000000000001
726	90.0	50.12749846890485	0.7500000000000001
727	80.0	50.12301234293339	0.7500000000000001
728	85.0	50.1192326911332	0.7500000000000001
729	80.0	50.11075072078066	0.7500000000000001
730	80.0	50.102430651680415	0.7500000000000001
731	80.0	50.092889527811565	0.7500000000000001
732	80.0	50.083029650488655	0.7500000000000001
733	85.0	50.07629852227613	0.7500000000000001
734	75.0	50.06917295303122	0.7500000000000001
735	75.0	50.06055482239085	0.7500000000000001
736	85.0	50.05360770962605	0.7500000000000001
737	75.0	50.04414345251151	0.7500000000000001
738	80.0	50.03716937736159	0.7500000000000001
739	80.0	50.0328119873127	0.7500000000000001
740	80.0	50.02730599093441	0.7500000000000001
741	80.0	50.01656577225131	0.7500000000000001
742	80.0	50.01593050487446	0.7500000000000001
743	85.0	50.010401936255846	0.7500000000000001
744	75.0	50.00692520775623	0.7500000000000001
745	90.0	50.00094922976785	0.7500000000000001
746	90.0	49.99864579383566	0.7500000000000001
747	80.0	49.99621335064373	0.7500000000000001
748	85.0	49.99412511479661	0.7500000000000001
749	80.0	49.98947993094519	0.7500000000000001
750	75.0	49.98653089811971	0.7500000000000001
751	85.0	49.982849994619606	0.7500000000000001
752	80.0	49.978977486432754	0.7500000000000001
753	80.0	49.97826786864134	0.7500000000000001
754	75.0	49.97394298269118	0.7500000000000001
755	75.0	49.97277373434657	0.7500000000000001
756	85.0	49.96873496873497	0.7500000000000001
757	70.0	49.964706981212636	0.7500000000000001
758	85.0	49.95835776344545	0.7500000000000001
759	75.0	49.95448738422229	0.7500000000000001
760	90.0	49.9506937430227	0.7500000000000001
761	70.0	49.94777288171586	0.7500000000000001
762	75.0	49.944660940565186	0.7500000000000001
763	75.0	49.93685799004554	0.7500000000000001
764	80.0	49.92887737295754	0.7500000000000001
765	80.0	49.924548479087456	0.7500000000000001
766	75.0	49.91884657982174	0.7500000000000001
767	75.0	49.91368640050563	0.7500000000000001
768	75.0	49.912747882804695	0.7500000000000001
769	80.0	49.90898823282202	0.7500000000000001
770	75.0	49.90759928650123	0.7500000000000001
771	90.0	49.90601749973803	0.7500000000000001
772	80.0	49.90287007482602	0.7500000000000001
773	85.0	49.90116795568562	0.7500000000000001
774	80.0	49.89614320755702	0.7500000000000001
775	75.0	49.892825497758786	0.7500000000000001
776	80.0	49.88906095466139	0.7500000000000001
777	80.0	49.88004262840507	0.7500000000000001
778	80.0	49.873124448367165	0.7500000000000001
779	75.0	49.865964948667425	0.7500000000000001
780	80.0	49.86432603179535	0.7500000000000001
781	85.0	49.86133378154737	0.7500000000000001
782	85.0	49.86364340684882	0.7500000000000001
783	80.0	49.86169142680285	0.7500000000000001
784	80.0	49.855172324970376	0.7500000000000001
785	80.0	49.84892724840502	0.7500000000000001
786	80.0	49.84398283746981	0.7500000000000001
787	75.0	49.837511546751514	0.7500000000000001
788	75.0	49.83534929014402	0.7500000000000001
789	85.0	49.829225532350534	0.7500000000000001
790	75.0	49.823245232861304	0.7500000000000001
791	75.0	49.81989686510773	0.7500000000000001
792	85.0	49.815345979297334	0.7500000000000001
793	80.0	49.8118888775718	0.7500000000000001
794	80.0	49.80666039367275	0.7500000000000001
795	75.0	49.80335009651529	0.7500000000000001
796	75.0	49.795609050783824	0.7500000000000001
797	70.0	49.78611420753952	0.7500000000000001
798	75.0	49.77588431759526	0.7500000000000001
799	75.0	49.769976245830385	0.7500000000000001
800	80.0	49.7630104487406	0.7500000000000001
801	75.0	49.75738556160516	0.7500000000000001
802	80.0	49.75366295755501	0.7500000000000001
803	75.0	49.74598964095343	0.7500000000000001
804	80.0	49.7382728140224	0.7500000000000001
805	85.0	49.733459570626	0.7500000000000001
806	85.0	49.72972295977156	0.7500000000000001
807	80.0	49.72899779845892	0.7500000000000001
808	75.0	49.72371445704862	0.7500000000000001
809	80.0	49.72274905170693	0.7500000000000001
810	75.0	49.717673595533626	0.7500000000000001
811	80.0	49.71341979488201	0.7500000000000001
812	75.0	49.709922430510666	0.7500000000000001
813	80.0	49.703267779102106	0.7500000000000001
814	100.0	49.70078369128515	0.7500000000000001
815	70.0	49.68994600217973	0.8000000000000002
816	75.0	49.67560981643659	0.8000000000000002
817	75.0	49.66427406602095	0.8000000000000002
818	70.0	49.65025171511771	0.8000000000000002
819	70.0	49.63866706102731	0.8000000000000002
820	70.0	49.62631086603319	0.8000000000000002
821	70.0	49.61644374508261	0.8000000000000002
822	75.0	49.60672363832818	0.8000000000000002
823	75.0	49.59696605513588	0.8000000000000002
824	80.0	49.584721473715156	0.8000000000000002
825	70.0	49.575748678802114	0.8000000000000002
826	85.0	49.565759249303554	0.8000000000000002
827	70.0	49.55024162842917	0.8000000000000002
828	85.0	49.54067329725513	0.8000000000000002
829	75.0	49.531615212310086	0.8000000000000002
830	75.0	49.520998492291234	0.8000000000000002
831	75.0	49.5122899057612	0.8000000000000002
832	70.0	49.50372373975062	0.8000000000000002
833	75.0	49.49626865671642	0.8000000000000002
834	75.0	49.487198102705584	0.8000000000000002
835	70.0	49.478028618389246	0.8000000000000002
836	70.0	49.470209067645214	0.8000000000000002
837	75.0	49.45975597993827	0.8000000000000002
838	75.0	49.446257405712636	0.8000000000000002
839	70.0	49.4345954007505	0.8000000000000002
840	80.0	49.42494353947431	0.8000000000000002
841	75.0	49.415674793626415	0.8000000000000002
842	75.0	49.41224054455683	0.8000000000000002
843	75.0	49.40731829933927	0.8000000000000002
844	80.0	49.398940748888144	0.8000000000000002
845	75.0	49.389986148261364	0.8000000000000002
846	75.0	49.381589618815894	0.8000000000000002
847	75.0	49.36952015629467	0.8000000000000002
848	75.0	49.35801484936462	0.8000000000000002
849	80.0	49.34944856436585	0.8000000000000002
850	85.0	49.340309102131904	0.8000000000000002
851	80.0	49.330657782414875	0.8000000000000002
852	75.0	49.31978589360997	0.8000000000000002
853	75.0	49.31242903103709	0.8000000000000002
854	80.0	49.300363876943436	0.8000000000000002
855	85.0	49.290392240158596	0.8000000000000002
856	80.0	49.28150487954363	0.8000000000000002
857	70.0	49.271814371821435	0.8000000000000002
858	80.0	49.26332251540379	0.8000000000000002
859	80.0	49.25467443390021	0.8000000000000002
860	70.0	49.24399371216742	0.8000000000000002
861	80.0	49.23480268091489	0.8000000000000002
862	75.0	49.21790880576752	0.8000000000000002
863	80.0	49.20567193491069	0.8000000000000002
864	75.0	49.19323011536126	0.8000000000000002
865	75.0	49.18320815450644	0.8000000000000002
866	65.0	49.16849168258702	0.8000000000000002
867	75.0	49.15520571534953	0.8000000000000002
868	75.0	49.145262888754594	0.8000000000000002
869	75.0	49.13534314635958	0.8000000000000002
870	75.0	49.1255043829136	0.8000000000000002
871	75.0	49.1178310015751	0.8000000000000002
872	70.0	49.10936560085142	0.8000000000000002
873	75.0	49.09722222222222	0.8000000000000002
874	80.0	49.08487604450395	0.8000000000000002
875	80.0	49.07872590611454	0.8000000000000002
876	75.0	49.06879001427848	0.8000000000000002
877	80.0	49.061004784689	0.8000000000000002
878	65.0	49.050480216901796	0.8000000000000002
879	75.0	49.03906178279629	0.8000000000000002
880	75.0	49.028987666773645	0.8000000000000002
881	75.0	49.01990978201136	0.8000000000000002
882	70.0	49.014454965463614	0.8000000000000002
883	70.0	49.00804167047428	0.8000000000000002
884	75.0	49.001871206243436	0.8000000000000002
885	70.0	48.99206783369803	0.8000000000000002
886	70.0	48.98245753836346	0.8000000000000002
887	75.0	48.974404166287634	0.8000000000000002
888	80.0	48.96324564990232	0.8000000000000002
889	70.0	48.952452804501725	0.8000000000000002
890	75.0	48.94134445401387	0.8000000000000002
891	80.0	48.92907271574753	0.8000000000000002
892	70.0	48.91937271041563	0.8000000000000002
893	70.0	48.9069276292013	0.8000000000000002
894	75.0	48.89501827534858	0.8000000000000002
895	80.0	48.88251600108176	0.8000000000000002
896	70.0	48.87054837693035	0.8000000000000002
897	75.0	48.86293622953769	0.8000000000000002
898	75.0	48.85270203494901	0.8000000000000002
899	85.0	48.84372475993897	0.8000000000000002
900	85.0	48.83342297521402	0.8000000000000002
901	70.0	48.82135342048711	0.8000000000000002
902	65.0	48.810261168999595	0.8000000000000002
903	80.0	48.79857946931118	0.8000000000000002
904	75.0	48.78569675605729	0.8000000000000002
905	65.0	48.77250846853271	0.8000000000000002
906	75.0	48.76252170428743	0.8000000000000002
907	80.0	48.755392244062975	0.8000000000000002
908	75.0	48.74816756252499	0.8000000000000002
909	80.0	48.7407370429535	0.8000000000000002
910	70.0	48.73071893976331	0.8000000000000002
911	75.0	48.72077835827504	0.8000000000000002
912	65.0	48.71146786962098	0.8000000000000002
913	75.0	48.69969296695529	0.8000000000000002
914	70.0	48.69092273068267	0.8000000000000002
915	80.0	48.68294322489641	0.8000000000000002
916	70.0	48.6732750649465	0.8000000000000002
917	75.0	48.667476688951446	0.8000000000000002
918	75.0	48.66064759896314	0.8000000000000002
919	70.0	48.65065171596594	0.8000000000000002
920	75.0	48.644130024987945	0.8000000000000002
921	75.0	48.63532361184095	0.8000000000000002
922	75.0	48.62429465027777	0.8000000000000002
923	75.0	48.61826007165953	0.8000000000000002
924	70.0	48.61103836585046	0.8000000000000002
925	75.0	48.60007193930938	0.8000000000000002
926	70.0	48.59326684377858	0.8000000000000002
927	75.0	48.58386626642304	0.8000000000000002
928	85.0	48.57790839163878	0.8000000000000002
929	70.0	48.56637437055044	0.8000000000000002
930	70.0	48.5584970296171	0.8000000000000002
931	85.0	48.54803777180975	0.8000000000000002
932	70.0	48.537492968716194	0.8000000000000002
933	75.0	48.52783540802213	0.8000000000000002
934	80.0	48.517820905833084	0.8000000000000002
935	75.0	48.509445354955574	0.8000000000000002
936	70.0	48.50119555383223	0.8000000000000002
937	75.0	48.4904351007058	0.8000000000000002
938	70.0	48.48082627574051	0.8000000000000002
939	75.0	48.470486558447135	0.8000000000000002
940	65.0	48.46220668353996	0.8000000000000002
941	75.0	48.45528368186493	0.8000000000000002
942	70.0	48.45297718419588	0.8000000000000002
943	70.0	48.44650645685453	0.8000000000000002
944	75.0	48.44004954935714	0.8000000000000002
945	85.0	48.432539682539684	0.8000000000000002
946	70.0	48.42579173948255	0.8000000000000002
947	75.0	48.41767435919271	0.8000000000000002
948	70.0	48.40941474203564	0.8000000000000002
949	75.0	48.40202243371856	0.8000000000000002
950	65.0	48.39247060820848	0.8000000000000002
951	75.0	48.38553591113372	0.8000000000000002
952	75.0	48.37761001228241	0.8000000000000002
953	70.0	48.36721526485023	0.8000000000000002
954	65.0	48.35721229026668	0.8000000000000002
955	70.0	48.34638605083172	0.8000000000000002
956	80.0	48.33716418539918	0.8000000000000002
957	75.0	48.326065891472865	0.8000000000000002
958	80.0	48.316358739110306	0.8000000000000002
959	65.0	48.303939292020516	0.8000000000000002
960	75.0	48.294748225610014	0.8000000000000002
961	75.0	48.284947138781675	0.8000000000000002
962	70.0	48.27684296550857	0.8000000000000002
963	70.0	48.269750062798295	0.8000000000000002
964	75.0	48.26225377441345	0.8000000000000002
965	75.0	48.254720922459896	0.8000000000000002
966	70.0	48.24965569049706	0.8000000000000002
967	70.0	48.24001500875511	0.8000000000000002
968	70.0	48.233257673566285	0.8000000000000002
969	70.0	48.22672241637544	0.8000000000000002
970	75.0	48.219057811396034	0.8000000000000002
971	65.0	48.21052686207756	0.8000000000000002
972	70.0	48.201858073078675	0.8000000000000002
973	70.0	48.195330626450115	0.8000000000000002
974	75.0	48.18705765489839	0.8000000000000002
975	70.0	48.18081741503349	0.8000000000000002
976	65.0	48.17138903804056	0.8000000000000002
977	80.0	48.16063913186994	0.8000000000000002
978	70.0	48.15130250195787	0.8000000000000002
979	80.0	48.14548505311702	0.8000000000000002
980	75.0	48.136903048002964	0.8000000000000002
981	75.0	48.130393244575934	0.8000000000000002
982	75.0	48.12990025040023	0.8000000000000002
983	70.0	48.126794062166816	0.8000000000000002
984	75.0	48.11847118102495	0.8000000000000002
985	75.0	48.11062571615649	0.8000000000000002
986	75.0	48.103716119537225	0.8000000000000002
987	70.0	48.0972290288328	0.8000000000000002
988	70.0	48.09044918607972	0.8000000000000002
989	75.0	48.08235857515488	0.8000000000000002
990	75.0	48.073012092341514	0.8000000000000002
991	65.0	48.06500650776865	0.8000000000000002
992	70.0	48.05716955832758	0.8000000000000002
993	70.0	48.04797856794934	0.8000000000000002
994	65.0	48.035866347674464	0.8000000000000002
995	70.0	48.02894353074617	0.8000000000000002
996	80.0	48.02092185666302	0.8000000000000002
997	70.0	48.011198253557566	0.8000000000000002
998	75.0	48.00048463309236	0.8000000000000002
999	75.0	47.988582264181396	0.8000000000000002
1000	75.0	47.97786264157027	0.8000000000000002
1001	75.0	47.96822153325817	0.8000000000000002
1002	70.0	47.96106351313302	0.8000000000000002
1003	75.0	47.95296552278389	0.8000000000000002
1004	80.0	47.947543253984186	0.8000000000000002
1005	70.0	47.94208172922682	0.8000000000000002
1006	70.0	47.936080285244984	0.8000000000000002
1007	70.0	47.92718922596654	0.8000000000000002
1008	80.0	47.91996521530527	0.8000000000000002
1009	80.0	47.91420354689247	0.8000000000000002
1010	75.0	47.90850325206496	0.8000000000000002
1011	75.0	47.90246551861596	0.8000000000000002
1012	80.0	47.89698737605033	0.8000000000000002
1013	80.0	47.89037635264163	0.8000000000000002
1014	70.0	47.883132625889274	0.8000000000000002
1015	70.0	47.872776542523624	0.8000000000000002
1016	70.0	47.863085557891395	0.8000000000000002
1017	80.0	47.853364241559674	0.8000000000000002
1018	75.0	47.84480028502435	0.8000000000000002
1019	75.0	47.83734082100767	0.8000000000000002
1020	75.0	47.830143020820984	0.8000000000000002
1021	75.0	47.823748815914115	0.8000000000000002
1022	70.0	47.81751508221284	0.8000000000000002
1023	75.0	47.81257385960766	0.8000000000000002
1024	70.0	47.80523198614773	0.8000000000000002
1025	75.0	47.79829768831577	0.8000000000000002
1026	75.0	47.791622481442204	0.8000000000000002
1027	70.0	47.78363611394491	0.8000000000000002
1028	75.0	47.777821331974444	0.8000000000000002
1029	70.0	47.76844454887218	0.8000000000000002
1030	70.0	47.761580141622005	0.8000000000000002
1031	75.0	47.75438716485578	0.8000000000000002
1032	70.0	47.74891648119949	0.8000000000000002
1033	70.0	47.739458183804025	0.8000000000000002
1034	75.0	47.7316745255446	0.8000000000000002
1035	75.0	47.72273806742973	0.8000000000000002
1036	75.0	47.713575901365175	0.8000000000000002
1037	70.0	47.703605843953994	0.8000000000000002
1038	75.0	47.695838670859054	0.8000000000000002
1039	75.0	47.68755332350888	0.8000000000000002
1040	75.0	47.67981674479873	0.8000000000000002
1041	80.0	47.67253057748878	0.8000000000000002
1042	75.0	47.66854529987239	0.8000000000000002
1043	75.0	47.665195472456155	0.8000000000000002
1044	75.0	47.656786692910345	0.8000000000000002
1045	65.0	47.646128932757556	0.8000000000000002
1046	75.0	47.639054735950076	0.8000000000000002
1047	75.0	47.62997383206342	0.8000000000000002
1048	70.0	47.623169043866056	0.8000000000000002
1049	70.0	47.61440889537563	0.8000000000000002
1050	75.0	47.60734430758605	0.8000000000000002
1051	70.0	47.60249750824197	0.8000000000000002
1052	75.0	47.597564244954235	0.8000000000000002
1053	75.0	47.59144475053566	0.8000000000000002
1054	70.0	47.58634035396201	0.8000000000000002
1055	75.0	47.579956847170244	0.8000000000000002
1056	85.0	47.571010262866736	0.8000000000000002
1057	80.0	47.56417708492148	0.8000000000000002
1058	75.0	47.55711892159476	0.8000000000000002
1059	70.0	47.5477916000913	0.8000000000000002
1060	75.0	47.54290030785603	0.8000000000000002
1061	75.0	47.536831713244226	0.8000000000000002
1062	80.0	47.53494746026327	0.8000000000000002
1063	70.0	47.52875577958008	0.8000000000000002
1064	85.0	47.52475294384915	0.8000000000000002
1065	80.0	47.51754236646997	0.8000000000000002
1066	75.0	47.512423944673294	0.8000000000000002
1067	80.0	47.506607264215056	0.8000000000000002
1068	80.0	47.499764248802386	0.8000000000000002
1069	85.0	47.4942530901417	0.8000000000000002
1070	70.0	47.48738752306013	0.8000000000000002
1071	75.0	47.48340291882946	0.8000000000000002
1072	75.0	47.47792266356018	0.8000000000000002
1073	75.0	47.470950968613906	0.8000000000000002
1074	65.0	47.46150744533213	0.8000000000000002
1075	75.0	47.454985760323765	0.8000000000000002
1076	75.0	47.450488562764406	0.8000000000000002
1077	80.0	47.44412963794135	0.8000000000000002
1078	80.0	47.43675497926086	0.8000000000000002
1079	70.0	47.429300754125286	0.8000000000000002
1080	65.0	47.41994890157025	0.8000000000000002
1081	75.0	47.41191869131018	0.8000000000000002
1082	85.0	47.40860355161759	0.8000000000000002
1083	70.0	47.403388380569815	0.8000000000000002
1084	75.0	47.395813979413624	0.8000000000000002
1085	70.0	47.38983145233145	0.8000000000000002
1086	75.0	47.38645636289455	0.8000000000000002
1087	65.0	47.38095679241088	0.8000000000000002
1088	80.0	47.37315353004332	0.8000000000000002
1089	70.0	47.36860112442669	0.8000000000000002
1090	75.0	47.36285613983223	0.8000000000000002
1091	75.0	47.35924462822122	0.8000000000000002
1092	70.0	47.35485596252444	0.8000000000000002
1093	70.0	47.34771152712264	0.8000000000000002
1094	65.0	47.34242111851552	0.8000000000000002
1095	70.0	47.336772603545946	0.8000000000000002
1096	75.0	47.32994009775459	0.8000000000000002
1097	75.0	47.32146791011896	0.8000000000000002
1098	75.0	47.31406588166245	0.8000000000000002
1099	75.0	47.30621930660412	0.8000000000000002
1100	70.0	47.30200285599209	0.8000000000000002
1101	70.0	47.296330845771145	0.8000000000000002
1102	75.0	47.293273272175725	0.8000000000000002
1103	80.0	47.287026217775505	0.8000000000000002
1104	75.0	47.278647258399914	0.8000000000000002
1105	65.0	47.26955459979589	0.8000000000000002
1106	70.0	47.262344779869636	0.8000000000000002
1107	80.0	47.254647820708726	0.8000000000000002
1108	80.0	47.24805532332522	0.8000000000000002
1109	70.0	47.239931362579895	0.8000000000000002
1110	80.0	47.2364482420812	0.8000000000000002
1111	80.0	47.229618284637134	0.8000000000000002
1112	75.0	47.223162869870706	0.8000000000000002
1113	70.0	47.215090823563465	0.8000000000000002
1114	75.0	47.20698817830158	0.8000000000000002
1115	80.0	47.199171061186156	0.8000000000000002
1116	75.0	47.193758796145936	0.8000000000000002
1117	70.0	47.18439032304586	0.8000000000000002
1118	70.0	47.17774035517453	0.8000000000000002
1119	80.0	47.173396674584325	0.8000000000000002
1120	75.0	47.167532630973355	0.8000000000000002
1121	75.0	47.15934401494468	0.8000000000000002
1122	70.0	47.15475934101432	0.8000000000000002
1123	70.0	38.95	0.8
1124	75.0	38.35	0.8
1125	75.0	39.45	0.8
1126	75.0	39.4375	0.8
1127	70.0	39.8	0.8
1128	75.0	40.208333333333336	0.8
1129	70.0	40.69285714285714	0.8
1130	70.0	41.20625	0.8
1131	75.0	41.43888888888889	0.8
1132	75.0	41.53	0.8
1133	75.0	41.43636363636364	0.8
1134	70.0	41.46666666666667	0.8
1135	80.0	41.40384615384615	0.8
1136	80.0	41.31071428571428	0.8
1137	75.0	41.406666666666666	0.8
1138	75.0	41.590625	0.8
1139	75.0	41.705882352941174	0.8
1140	80.0	41.88611111111111	0.8
1141	80.0	41.88421052631579	0.8
1142	75.0	41.7375	0.8
1143	75.0	41.614285714285714	0.8
1144	75.0	41.606818181818184	0.8
1145	75.0	41.447826086956525	0.8
1146	80.0	41.39375	0.8
1147	70.0	41.446	0.8
1148	65.0	41.42307692307692	0.8
1149	75.0	41.394444444444446	0.8
1150	70.0	41.330357142857146	0.8
1151	70.0	41.32241379310345	0.8
1152	75.0	41.275	0.8
1153	65.0	41.26774193548387	0.8
1154	70.0	41.2546875	0.8
1155	70.0	41.192424242424245	0.8
1156	80.0	41.35735294117647	0.8
1157	70.0	41.364285714285714	0.8
1158	70.0	41.38194444444444	0.8
1159	70.0	41.317567567567565	0.8
1160	75.0	41.31315789473684	0.8
1161	75.0	41.27051282051282	0.8
1162	70.0	41.19875	0.8
1163	75.0	41.1890243902439	0.8
1164	80.0	41.16428571428571	0.8
1165	70.0	41.09651162790698	0.8
1166	75.0	41.048863636363635	0.8
1167	75.0	41.068888888888885	0.8
1168	75.0	41.025	0.8
1169	70.0	41.007446808510636	0.8
1170	80.0	41.010416666666664	0.8
1171	65.0	40.98367346938775	0.8
1172	75.0	40.969	0.8
1173	80.0	40.96470588235294	0.8
1174	80.0	40.933653846153845	0.8
1175	70.0	40.90943396226415	0.8
1176	70.0	40.96296296296296	0.8
1177	70.0	41.00727272727273	0.8
1178	75.0	41.05	0.8
1179	70.0	41.02368421052632	0.8
1180	70.0	40.974137931034484	0.8
1181	75.0	40.94661016949153	0.8
1182	75.0	40.92333333333333	0.8
1183	75.0	40.90983606557377	0.8
1184	70.0	40.86451612903226	0.8
1185	70.0	40.846825396825395	0.8
1186	75.0	40.878125	0.8
1187	70.0	40.87	0.8
1188	70.0	40.900757575757574	0.8
1189	70.0	40.93582089552239	0.8
1190	70.0	40.93382352941177	0.8
1191	75.0	40.915217391304346	0.8
1192	65.0	40.90357142857143	0.8
1193	65.0	40.894366197183096	0.8
1194	85.0	40.90416666666667	0.8
1195	70.0	40.85068493150685	0.8
1196	70.0	40.8445945945946	0.8
1197	75.0	40.83	0.8
1198	75.0	40.80263157894737	0.8
1199	85.0	40.787012987012986	0.8
1200	75.0	40.7775641025641	0.8
1201	75.0	40.75	0.8
1202	75.0	40.748125	0.8
1203	65.0	40.742592592592594	0.8
1204	70.0	40.71829268292683	0.8
1205	75.0	40.72951807228916	0.8
1206	70.0	40.70297619047619	0.8
1207	65.0	40.69235294117647	0.8
1208	75.0	40.67151162790697	0.8
1209	75.0	40.67816091954023	0.8
1210	70.0	40.67045454545455	0.8
1211	70.0	40.667977528089885	0.8
1212	75.0	40.66166666666667	0.8
1213	80.0	40.64230769230769	0.8
1214	75.0	40.65	0.8
1215	75.0	40.7	0.8
1216	75.0	40.708510638297874	0.8
1217	80.0	40.71631578947368	0.8
1218	70.0	40.702083333333334	0.8
1219	70.0	40.70618556701031	0.8
1220	75.0	40.714795918367344	0.8
1221	70.0	40.7469696969697	0.8
1222	80.0	40.761	0.8
1223	70.0	40.76732673267327	0.8
1224	75.0	40.79460784313726	0.8
1225	70.0	40.802912621359226	0.8
1226	75.0	40.81826923076923	0.8
1227	85.0	40.826190476190476	0.8
1228	80.0	40.823113207547166	0.8
1229	70.0	40.7803738317757	0.8
1230	75.0	40.775925925925925	0.8
1231	75.0	40.77201834862385	0.8
1232	75.0	40.74545454545454	0.8
1233	75.0	40.72927927927928	0.8
1234	70.0	40.73169642857143	0.8
1235	75.0	40.7787610619469	0.8
1236	75.0	40.814912280701755	0.8
1237	70.0	40.818695652173915	0.8
1238	80.0	40.80818965517241	0.8
1239	75.0	40.79529914529915	0.8
1240	70.0	40.78601694915254	0.8
1241	80.0	40.786134453781514	0.8
1242	80.0	40.76833333333333	0.8
1243	70.0	40.76611570247934	0.8
1244	85.0	40.773360655737704	0.8
1245	80.0	40.7739837398374	0.8
1246	75.0	40.7875	0.8
1247	75.0	40.788	0.8
1248	75.0	40.786904761904765	0.8
1249	75.0	40.78228346456693	0.8
1250	75.0	40.79296875	0.8
1251	70.0	40.78759689922481	0.8
1252	80.0	40.8	0.8
1253	75.0	40.818320610687024	0.8
1254	70.0	40.82537878787879	0.8
1255	70.0	40.84436090225564	0.8
1256	75.0	40.84626865671642	0.8
1257	80.0	40.858148148148146	0.8
1258	70.0	40.867279411764706	0.8
1259	85.0	40.871897810218975	0.8
1260	75.0	40.857608695652175	0.8
1261	75.0	40.85107913669065	0.8
1262	70.0	40.85	0.8
1263	70.0	40.843971631205676	0.8
1264	80.0	40.85950704225352	0.8
1265	70.0	40.8513986013986	0.8
1266	70.0	40.85104166666667	0.8
1267	75.0	40.83931034482759	0.8
1268	70.0	40.84349315068493	0.8
1269	75.0	40.8374149659864	0.8
1270	70.0	40.825	0.8
1271	80.0	40.83187919463087	0.8
1272	70.0	40.837666666666664	0.8
1273	80.0	40.825827814569536	0.8
1274	70.0	40.81151315789474	0.8
1275	70.0	40.82516339869281	0.8
1276	75.0	40.81558441558442	0.8
1277	75.0	40.833225806451615	0.8
1278	80.0	40.82115384615385	0.8
1279	75.0	40.80732484076433	0.8
1280	75.0	40.802215189873415	0.8
1281	90.0	40.80691823899371	0.8
1282	70.0	40.793125	0.8
1283	80.0	40.780434782608694	0.8
1284	70.0	40.769753086419755	0.8
1285	70.0	40.76165644171779	0.8
1286	70.0	40.740243902439026	0.8
1287	75.0	40.73848484848485	0.8
1288	70.0	40.727409638554214	0.8
1289	65.0	40.707185628742515	0.8
1290	75.0	40.70059523809524	0.8
1291	75.0	40.68757396449704	0.8
1292	75.0	40.68058823529412	0.8
1293	95.0	40.67631578947368	0.8
1294	75.0	40.66279069767442	0.8
1295	70.0	40.65	0.8
1296	70.0	40.64109195402299	0.8
1297	85.0	40.63028571428571	0.8
1298	70.0	40.61988636363636	0.8
1299	70.0	40.60480225988701	0.8
1300	70.0	40.58567415730337	0.8
1301	80.0	40.58268156424581	0.8
1302	80.0	40.57555555555555	0.8
1303	75.0	40.569337016574586	0.8
1304	75.0	40.55467032967033	0.8
1305	75.0	40.55382513661202	0.8
1306	75.0	40.52771739130435	0.8
1307	75.0	40.52594594594595	0.8
1308	75.0	40.52956989247312	0.8
1309	80.0	40.537967914438504	0.8
1310	80.0	40.54973404255319	0.8
1311	75.0	40.56375661375662	0.8
1312	70.0	40.56921052631579	0.8
1313	75.0	40.57513089005236	0.8
1314	70.0	40.60494791666667	0.8
1315	75.0	40.62642487046632	0.8
1316	75.0	40.63840206185567	0.8
1317	70.0	40.64589743589744	0.8
1318	80.0	40.665051020408164	0.8
1319	70.0	40.683248730964465	0.8
1320	70.0	40.696969696969695	0.8
1321	75.0	40.69246231155779	0.8
1322	70.0	40.6875	0.8
1323	80.0	40.69427860696518	0.8
1324	70.0	40.69183168316832	0.8
1325	70.0	40.69901477832512	0.8
1326	80.0	40.70539215686274	0.8
1327	75.0	40.697560975609754	0.8
1328	80.0	40.69441747572816	0.8
1329	75.0	40.71159420289855	0.8
1330	75.0	40.71682692307692	0.8
1331	75.0	40.72224880382775	0.8
1332	75.0	40.73119047619048	0.8
1333	70.0	40.73009478672986	0.8
1334	70.0	40.72382075471698	0.8
1335	75.0	40.73028169014084	0.8
1336	85.0	40.73411214953271	0.8
1337	70.0	40.74093023255814	0.8
1338	80.0	40.73888888888889	0.8
1339	80.0	40.751382488479265	0.8
1340	75.0	40.76146788990825	0.8
1341	75.0	40.770776255707766	0.8
1342	85.0	40.78363636363636	0.8
1343	70.0	40.79004524886878	0.8
1344	75.0	40.78761261261261	0.8
1345	70.0	40.78744394618834	0.8
1346	75.0	40.81004464285714	0.8
1347	75.0	40.82	0.8
1348	75.0	40.82079646017699	0.8
1349	75.0	40.82444933920705	0.8
1350	75.0	40.83223684210526	0.8
1351	75.0	40.832096069868996	0.8
1352	70.0	40.834347826086955	0.8
1353	70.0	40.83268398268398	0.8
1354	70.0	40.8375	0.8
1355	70.0	40.8412017167382	0.8
1356	75.0	40.84123931623932	0.8
1357	75.0	40.82914893617021	0.8
1358	75.0	40.827118644067795	0.8
1359	75.0	40.811392405063295	0.8
1360	70.0	40.805252100840335	0.8
1361	80.0	40.8	0.8
1362	75.0	40.78041666666667	0.8
1363	80.0	40.79066390041494	0.8
1364	70.0	40.79028925619835	0.8
1365	75.0	40.79074074074074	0.8
1366	75.0	40.78299180327869	0.8
1367	70.0	40.78530612244898	0.8
1368	75.0	40.78272357723577	0.8
1369	80.0	40.78198380566802	0.8
1370	70.0	40.77641129032258	0.8
1371	75.0	40.76867469879518	0.8
1372	75.0	40.7806	0.8
1373	70.0	40.778286852589645	0.8
1374	70.0	40.78888888888889	0.8
1375	70.0	40.78913043478261	0.8
1376	65.0	40.79468503937008	0.8
1377	80.0	40.793137254901964	0.8
1378	70.0	40.7775390625	0.8
1379	70.0	40.7795719844358	0.8
1380	80.0	40.78507751937985	0.8
1381	90.0	40.777413127413126	0.8
1382	75.0	40.78788461538461	0.8
1383	70.0	40.788697318007664	0.8
1384	75.0	40.78912213740458	0.8
1385	70.0	40.78954372623574	0.8
1386	65.0	40.78181818181818	0.8
1387	70.0	40.777735849056604	0.8
1388	70.0	40.778383458646616	0.8
1389	80.0	40.77996254681648	0.8
1390	65.0	40.77798507462686	0.8
1391	75.0	40.778624535315984	0.8
1392	75.0	40.773148148148145	0.8
1393	75.0	40.768634686346864	0.8
1394	70.0	40.76966911764706	0.8
1395	75.0	40.77985347985348	0.8
1396	80.0	40.78266423357664	0.8
1397	75.0	40.781454545454544	0.8
1398	80.0	40.78876811594203	0.8
1399	75.0	40.78772563176895	0.8
1400	80.0	40.79442446043166	0.8
1401	65.0	40.793010752688176	0.8
1402	70.0	40.78267857142857	0.8
1403	70.0	40.78096085409253	0.8
1404	80.0	40.77836879432624	0.8
1405	70.0	40.77526501766784	0.8
1406	75.0	40.771654929577466	0.8
1407	75.0	40.764736842105265	0.8
1408	65.0	40.74055944055944	0.8
1409	70.0	40.73571428571429	0.8
1410	70.0	40.726215277777776	0.8
1411	75.0	40.71833910034602	0.8
1412	70.0	40.71241379310345	0.8
1413	70.0	40.71237113402062	0.8
1414	70.0	40.71369863013699	0.8
1415	75.0	40.72423208191126	0.8
1416	70.0	40.72789115646258	0.8
1417	75.0	40.725254237288134	0.8
1418	75.0	40.71841216216216	0.8
1419	75.0	40.72828282828283	0.8
1420	80.0	40.73372483221476	0.8
1421	65.0	40.73344481605351	0.8
1422	70.0	40.736	0.8
1423	75.0	40.73255813953488	0.8
1424	75.0	40.730132450331126	0.8
1425	70.0	40.722772277227726	0.8
1426	80.0	40.72384868421052	0.8
1427	75.0	40.72065573770492	0.8
1428	70.0	40.72156862745098	0.8
1429	70.0	40.720521172638435	0.8
1430	80.0	40.72483766233766	0.8
1431	75.0	40.728802588996764	0.8
1432	70.0	40.72838709677419	0.8
1433	70.0	40.72781350482315	0.8
1434	75.0	40.74198717948718	0.8
1435	75.0	40.73993610223642	0.8
1436	70.0	40.737101910828024	0.8
1437	70.0	40.72587301587301	0.8
1438	75.0	40.72721518987342	0.8
1439	65.0	40.72271293375395	0.8
1440	80.0	40.72264150943396	0.8
1441	70.0	40.71269592476489	0.8
1442	80.0	40.7065625	0.8
1443	75.0	40.70436137071651	0.8
1444	75.0	40.70729813664596	0.8
1445	70.0	40.70325077399381	0.8
1446	70.0	40.71604938271605	0.8
1447	70.0	40.715538461538465	0.8
1448	75.0	40.72484662576687	0.8
1449	70.0	40.72018348623853	0.8
1450	80.0	40.72134146341463	0.8
1451	80.0	40.72401215805471	0.8
1452	70.0	40.721363636363634	0.8
1453	80.0	40.73126888217523	0.8
1454	75.0	40.74548192771084	0.8
1455	75.0	40.75165165165165	0.8
1456	75.0	40.75374251497006	0.8
1457	80.0	40.75820895522388	0.8
1458	75.0	40.75386904761905	0.8
1459	70.0	40.75489614243323	0.8
1460	75.0	40.75251479289941	0.8
1461	80.0	40.751474926253685	0.8
1462	70.0	40.74235294117647	0.8
1463	80.0	40.74926686217009	0.8
1464	80.0	40.74546783625731	0.8
1465	75.0	40.73877551020408	0.8
1466	75.0	40.73735465116279	0.8
1467	75.0	40.739710144927535	0.8
1468	70.0	40.739017341040466	0.8
1469	75.0	40.740057636887606	0.8
1470	70.0	40.739798850574715	0.8
1471	70.0	40.73839541547278	0.8
1472	85.0	40.741285714285716	0.8
1473	70.0	40.735470085470084	0.8
1474	80.0	40.74289772727273	0.8
1475	70.0	40.752266288951844	0.8
1476	80.0	40.75437853107345	0.8
1477	80.0	40.761408450704224	0.8
1478	70.0	40.76320224719101	0.8
1479	70.0	40.76134453781513	0.8
1480	70.0	40.754748603351956	0.8
1481	70.0	40.75013927576602	0.8
1482	75.0	40.748333333333335	0.8
1483	80.0	40.75221606648199	0.8
1484	70.0	40.74364640883978	0.8
1485	75.0	40.74490358126722	0.8
1486	75.0	40.745054945054946	0.8
1487	80.0	40.743972602739724	0.8
1488	75.0	40.738524590163934	0.8
1489	75.0	40.741144414168936	0.8
1490	75.0	40.740625	0.8
1491	80.0	40.738617886178865	0.8
1492	75.0	40.737972972972976	0.8
1493	75.0	40.74016172506739	0.8
1494	80.0	40.74569892473118	0.8
1495	75.0	40.75643431635389	0.8
1496	80.0	40.75387700534759	0.8
1497	70.0	40.7568	0.8
1498	80.0	40.758244680851064	0.8
1499	75.0	40.761803713527854	0.8
1500	75.0	40.763359788359786	0.8
1501	70.0	40.76517150395778	0.8
1502	80.0	40.76671052631579	0.8
1503	70.0	40.77388451443569	0.8
1504	80.0	40.76767015706806	0.8
1505	70.0	40.766710182767625	0.8
1506	80.0	40.761328125	0.8
1507	75.0	40.76337662337662	0.8
1508	80.0	40.75699481865285	0.8
1509	65.0	40.750516795865636	0.8
1510	75.0	40.75914948453608	0.8
1511	75.0	40.75822622107969	0.8
1512	65.0	40.75371794871795	0.8
1513	70.0	40.754347826086956	0.8
1514	75.0	40.76798469387755	0.8
1515	75.0	40.77786259541985	0.8
1516	70.0	40.77982233502538	0.8
1517	75.0	40.772278481012656	0.8
1518	65.0	40.77739898989899	0.8
1519	70.0	40.7727959697733	0.8
1520	75.0	40.76494974874372	0.8
1521	70.0	40.76378446115288	0.8
1522	80.0	40.7695	0.8
1523	70.0	40.77568578553616	0.8
1524	70.0	40.77649253731343	0.8
1525	75.0	40.77977667493796	0.8
1526	80.0	40.78886138613861	0.8
1527	80.0	40.799876543209876	0.8
1528	65.0	40.80418719211823	0.8
1529	70.0	40.80393120393121	0.8
1530	70.0	40.798529411764704	0.8
1531	80.0	40.80574572127139	0.8
1532	75.0	40.801219512195125	0.8
1533	70.0	40.80279805352798	0.8
1534	75.0	40.80898058252427	0.8
1535	75.0	40.81622276029056	0.8
1536	70.0	40.81787439613527	0.8
1537	85.0	40.8177108433735	0.8
1538	70.0	40.818028846153844	0.8
1539	75.0	40.82374100719424	0.8
1540	70.0	40.81650717703349	0.8
1541	70.0	40.8109785202864	0.8
1542	80.0	40.81404761904762	0.8
1543	80.0	40.81971496437055	0.8
1544	70.0	40.81883886255924	0.8
1545	75.0	40.82245862884161	0.8
1546	80.0	40.81757075471698	0.8
1547	65.0	40.81235294117647	0.8
1548	75.0	40.80680751173709	0.8
1549	75.0	40.80491803278689	0.8
1550	75.0	40.80946261682243	0.8
1551	70.0	40.8044289044289	0.8
1552	70.0	40.80325581395349	0.8
1553	65.0	40.80707656612529	0.8
1554	75.0	40.80543981481482	0.8
1555	85.0	40.805889145496536	0.8
1556	80.0	40.803341013824884	0.8
1557	80.0	40.80402298850575	0.8
1558	75.0	40.804357798165135	0.8
1559	70.0	40.801372997711674	0.8
1560	80.0	40.8041095890411	0.8
1561	75.0	40.802277904328015	0.8
1562	75.0	40.80113636363637	0.8
1563	70.0	40.79365079365079	0.8
1564	70.0	40.796945701357465	0.8
1565	70.0	40.798306997742664	0.8
1566	75.0	40.79707207207207	0.8
1567	70.0	40.79561797752809	0.8
1568	75.0	40.792264573991034	0.8
1569	75.0	40.79451901565996	0.8
1570	65.0	40.79140625	0.8
1571	75.0	40.787639198218265	0.8
1572	70.0	40.791222222222224	0.8
1573	75.0	40.795343680709536	0.8
1574	75.0	40.799446902654864	0.8
1575	75.0	40.8023178807947	0.8
1576	75.0	40.79570484581498	0.8
1577	75.0	40.793186813186814	0.8
1578	70.0	40.795175438596495	0.8
1579	75.0	40.797811816192564	0.8
1580	75.0	40.79399563318777	0.8
1581	80.0	40.796623093681916	0.8
1582	65.0	40.79673913043478	0.8
1583	75.0	40.791540130151844	0.8
1584	75.0	40.78982683982684	0.8
1585	75.0	40.7866090712743	0.8
1586	85.0	40.78146551724138	0.8
1587	65.0	40.7763440860215	0.8
1588	65.0	40.77725321888412	0.8
1589	70.0	40.780085653104926	0.8
1590	80.0	40.782478632478636	0.8
1591	80.0	40.780810234541576	0.8
1592	70.0	40.778297872340424	0.8
1593	70.0	40.77292993630573	0.8
1594	70.0	40.778177966101694	0.8
1595	70.0	40.77991543340381	0.8
1596	75.0	40.778481012658226	0.8
1597	75.0	40.775263157894734	0.8
1598	75.0	40.77373949579832	0.8
1599	75.0	40.77358490566038	0.8
1600	70.0	40.77029288702929	0.8
1601	70.0	40.76826722338205	0.8
1602	65.0	40.76114583333333	0.8
1603	75.0	40.767151767151766	0.8
1604	70.0	40.76483402489627	0.8
1605	70.0	40.76314699792961	0.8
1606	75.0	40.76673553719008	0.8
1607	70.0	40.76319587628866	0.8
1608	80.0	40.75977366255144	0.8
1609	70.0	40.75564681724846	0.8
1610	75.0	40.757889344262296	0.8
1611	85.0	40.75930470347648	0.8
1612	70.0	40.76030612244898	0.8
1613	70.0	40.75621181262729	0.8
1614	70.0	40.765650406504065	0.8
1615	80.0	40.769066937119675	0.8
1616	80.0	40.77753036437247	0.8
1617	80.0	40.782525252525254	0.8
1618	80.0	40.77993951612903	0.8
1619	70.0	40.783299798792754	0.8
1620	75.0	40.78805220883534	0.8
1621	75.0	40.78867735470942	0.8
1622	75.0	40.7911	0.8
1623	85.0	40.789820359281435	0.8
1624	70.0	40.782768924302786	0.8
1625	75.0	40.78717693836978	0.8
1626	80.0	40.78670634920635	0.8
1627	80.0	40.78811881188119	0.8
1628	70.0	40.78656126482213	0.8
1629	70.0	40.78402366863905	0.8
1630	75.0	40.78257874015748	0.8
1631	75.0	40.779960707269154	0.8
1632	75.0	40.77950980392157	0.8
1633	70.0	40.782681017612525	0.8
1634	80.0	40.78837890625	0.8
1635	80.0	40.79356725146199	0.8
1636	80.0	40.793385214007785	0.8
1637	70.0	40.79330097087379	0.8
1638	75.0	40.7937984496124	0.8
1639	70.0	40.794003868471954	0.8
1640	85.0	40.796911196911196	0.8
1641	75.0	40.79518304431599	0.8
1642	70.0	40.79528846153846	0.8
1643	75.0	40.79385796545105	0.8
1644	75.0	40.79272030651341	0.8
1645	70.0	40.78948374760994	0.8
1646	65.0	40.787690839694655	0.8
1647	80.0	40.788380952380955	0.8
1648	75.0	40.78412547528517	0.8
1649	85.0	40.78586337760911	0.8
1650	70.0	40.78664772727273	0.8
1651	80.0	40.78364839319471	0.8
1652	80.0	40.780660377358494	0.8
1653	80.0	40.775706214689265	0.8
1654	70.0	40.7796992481203	0.8
1655	70.0	40.78142589118199	0.8
1656	75.0	40.77883895131086	0.8
1657	75.0	40.77859813084112	0.8
1658	70.0	40.780130597014924	0.8
1659	75.0	40.783612662942275	0.8
1660	70.0	40.777044609665424	0.8
1661	70.0	40.77634508348794	0.8
1662	75.0	40.77722222222222	0.8
1663	70.0	40.77966728280961	0.8
1664	75.0	40.780350553505535	0.8
1665	75.0	40.77651933701657	0.8
1666	70.0	40.7765625	0.8
1667	80.0	40.774678899082566	0.8
1668	75.0	40.77344322344322	0.8
1669	80.0	40.76819012797075	0.8
1670	70.0	40.76815693430657	0.8
1671	70.0	40.763661202185794	0.8
1672	70.0	40.762727272727275	0.8
1673	70.0	40.756805807622506	0.8
1674	75.0	40.7625	0.8
1675	75.0	40.767631103074145	0.8
1676	70.0	40.769494584837545	0.8
1677	80.0	40.773603603603604	0.8
1678	70.0	40.76942446043166	0.8
1679	70.0	40.77019748653501	0.8
1680	80.0	40.77258064516129	0.8
1681	80.0	40.77567084078712	0.8
1682	75.0	40.77580357142857	0.8
1683	70.0	40.770677361853835	0.8
1684	85.0	40.76379003558719	0.8
1685	80.0	40.7607460035524	0.8
1686	80.0	40.7604609929078	0.8
1687	70.0	40.762477876106196	0.8
1688	75.0	40.761572438162545	0.8
1689	80.0	40.75828924162258	0.8
1690	75.0	40.75281690140845	0.8
1691	80.0	40.755711775043935	0.8
1692	75.0	40.75184210526316	0.8
1693	70.0	40.749649737302974	0.8
1694	80.0	40.752797202797204	0.8
1695	70.0	40.7585514834206	0.8
1696	75.0	40.76132404181185	0.8
1697	80.0	40.76530434782609	0.8
1698	70.0	40.76215277777778	0.8
1699	70.0	40.762824956672446	0.8
1700	80.0	40.76427335640138	0.8
1701	70.0	40.76424870466321	0.8
1702	75.0	40.76560344827586	0.8
1703	80.0	40.762564543889845	0.8
1704	80.0	40.76073883161512	0.8
1705	75.0	40.756346483704974	0.8
1706	75.0	40.759246575342466	0.8
1707	70.0	40.75529914529915	0.8
1708	70.0	40.75136518771331	0.8
1709	70.0	40.748977853492335	0.8
1710	70.0	40.7468537414966	0.8
1711	75.0	40.74346349745331	0.8
1712	70.0	40.741186440677964	0.8
1713	80.0	40.737394247038914	0.8
1714	85.0	40.7441722972973	0.8
1715	70.0	40.74654300168634	0.8
1716	75.0	40.75042087542087	0.8
1717	80.0	40.7518487394958	0.8
1718	80.0	40.75830536912752	0.8
1719	80.0	40.75996649916248	0.8
1720	75.0	40.763210702341134	0.8
1721	75.0	40.76093489148581	0.8
1722	75.0	40.76283333333333	0.8
1723	75.0	40.760399334442596	0.8
1724	80.0	40.762458471760795	0.8
1725	75.0	40.76583747927032	0.8
1726	80.0	40.767218543046354	0.8
1727	70.0	40.7698347107438	0.8
1728	75.0	40.76881188118812	0.8
1729	85.0	40.769028006589785	0.8
1730	75.0	40.769654605263156	0.8
1731	80.0	40.771264367816094	0.8
1732	80.0	40.77295081967213	0.8
1733	70.0	40.77602291325696	0.8
1734	80.0	40.78145424836601	0.8
1735	70.0	40.78278955954323	0.8
1736	70.0	40.785749185667754	0.8
1737	70.0	40.78048780487805	0.8
1738	80.0	40.77978896103896	0.8
1739	80.0	40.78111831442464	0.8
1740	85.0	40.78122977346278	0.8
1741	80.0	40.783279483037155	0.8
1742	80.0	40.784516129032255	0.8
1743	85.0	40.78647342995169	0.8
1744	70.0	40.78657556270097	0.8
1745	75.0	40.79060995184591	0.8
1746	80.0	40.79415064102564	0.8
1747	70.0	40.7904	0.8
1748	75.0	40.7888178913738	0.8
1749	75.0	40.78987240829346	0.8
1750	75.0	40.787898089171975	0.8
1751	75.0	40.78569157392687	0.8
1752	65.0	40.78142857142857	0.8
1753	75.0	40.77812995245642	0.8
1754	75.0	40.78457278481012	0.8
1755	70.0	40.78759873617693	0.8
1756	70.0	40.78761829652997	0.8
1757	80.0	40.79007874015748	0.8
1758	75.0	40.79064465408805	0.8
1759	70.0	40.793014128728416	0.8
1760	70.0	40.79435736677116	0.8
1761	75.0	40.794600938967136	0.8
1762	75.0	40.794140625	0.8
1763	75.0	40.79258970358814	0.8
1764	75.0	40.79602803738318	0.8
1765	75.0	40.797589424572315	0.8
1766	75.0	40.80380434782609	0.8
1767	75.0	40.80255813953488	0.8
1768	75.0	40.80054179566564	0.8
1769	70.0	40.79644513137558	0.8
1770	75.0	40.79398148148148	0.8
1771	70.0	40.792295839753464	0.8
1772	70.0	40.79561538461539	0.8
1773	70.0	40.7942396313364	0.8
1774	80.0	40.79976993865031	0.8
1775	80.0	40.80260336906585	0.8
1776	75.0	40.807415902140676	0.8
1777	70.0	40.81236641221374	0.8
1778	70.0	40.810899390243904	0.8
1779	70.0	40.80631659056316	0.8
1780	75.0	40.805851063829785	0.8
1781	75.0	40.80349013657056	0.8
1782	65.0	40.79969696969697	0.8
1783	75.0	40.80484114977307	0.8
1784	80.0	40.803625377643506	0.8
1785	75.0	40.80022624434389	0.8
1786	80.0	40.79231927710843	0.8
1787	80.0	40.79706766917293	0.8
1788	75.0	40.79834834834835	0.8
1789	70.0	40.79587706146926	0.8
1790	65.0	40.79416167664671	0.8
1791	70.0	40.79267563527653	0.8
1792	70.0	40.793358208955226	0.8
1793	70.0	40.79150521609538	0.8
1794	75.0	40.79739583333333	0.8
1795	80.0	40.80490341753343	0.8
1796	75.0	40.80519287833828	0.8
1797	75.0	40.800518518518516	0.8
1798	85.0	40.80502958579881	0.8
1799	70.0	40.801329394387004	0.8
1800	75.0	40.79697640117994	0.8
1801	75.0	40.7980854197349	0.8
1802	80.0	40.79816176470588	0.8
1803	80.0	40.79713656387665	0.8
1804	75.0	40.79618768328446	0.8
1805	75.0	40.799780380673496	0.8
1806	70.0	40.801169590643276	0.8
1807	70.0	40.802189781021895	0.8
1808	80.0	40.80123906705539	0.8
1809	75.0	40.79839883551674	0.8
1810	70.0	40.79912790697674	0.8
1811	65.0	40.79644412191582	0.8
1812	70.0	40.79572463768116	0.8
1813	70.0	40.79377713458756	0.8
1814	75.0	40.8007225433526	0.8
1815	75.0	40.80548340548341	0.8
1816	80.0	40.80662824207493	0.8
1817	75.0	40.807841726618705	0.8
1818	75.0	40.80862068965517	0.8
1819	80.0	40.81434720229555	0.8
1820	70.0	40.817621776504296	0.8
1821	70.0	40.81945636623748	0.8
1822	70.0	40.823	0.8
1823	70.0	40.82510699001426	0.8
1824	70.0	40.8241452991453	0.8
1825	75.0	40.82019914651494	0.8
1826	70.0	40.82159090909091	0.8
1827	70.0	40.82127659574468	0.8
1828	80.0	40.82294617563739	0.8
1829	70.0	40.82673267326733	0.8
1830	75.0	40.82930790960452	0.8
1831	80.0	40.829478138222846	0.8
1832	75.0	40.82943661971831	0.8
1833	70.0	40.83473980309423	0.8
1834	70.0	40.83476123595506	0.8
1835	70.0	40.83422159887798	0.8
1836	75.0	40.832843137254905	0.8
1837	85.0	40.833356643356645	0.8
1838	75.0	40.831075418994416	0.8
1839	70.0	40.82887029288703	0.8
1840	75.0	40.82506963788301	0.8
1841	65.0	40.821488178025035	0.8
1842	70.0	40.81659722222222	0.8
1843	80.0	40.81567267683773	0.8
1844	85.0	40.81218836565097	0.8
1845	75.0	40.808160442600276	0.8
1846	80.0	40.80324585635359	0.8
1847	65.0	40.79744827586207	0.8
1848	70.0	40.794077134986225	0.8
1849	70.0	40.792090784044014	0.8
1850	70.0	40.791346153846156	0.8
1851	75.0	40.79053497942387	0.8
1852	80.0	40.788561643835614	0.8
1853	70.0	40.78850889192886	0.8
1854	70.0	40.792486338797815	0.8
1855	75.0	40.79386084583902	0.8
1856	80.0	40.79468664850136	0.8
1857	70.0	40.79380952380952	0.8
1858	80.0	40.790828804347825	0.8
1859	70.0	40.79138398914518	0.8
1860	70.0	40.791869918699184	0.8
1861	75.0	40.787618403247635	0.8
1862	65.0	40.78317567567568	0.8
1863	70.0	40.778407557354925	0.8
1864	75.0	40.779380053908355	0.8
1865	70.0	40.77819650067295	0.8
1866	85.0	40.779233870967744	0.8
1867	80.0	40.77885906040269	0.8
1868	75.0	40.78063002680965	0.8
1869	70.0	40.778781793842036	0.8
1870	80.0	40.777540106951875	0.8
1871	70.0	40.77576769025367	0.8
1872	70.0	40.776666666666664	0.8
1873	70.0	40.77476697736351	0.8
1874	70.0	40.77759308510638	0.8
1875	75.0	40.776826029216465	0.8
1876	80.0	40.78023872679045	0.8
1877	65.0	40.78271523178808	0.8
1878	65.0	40.77876984126984	0.8
1879	75.0	40.777939233817705	0.8
1880	75.0	40.77585751978892	0.8
1881	70.0	40.77272727272727	0.8
1882	75.0	40.77138157894737	0.8
1883	75.0	40.77102496714849	0.8
1884	75.0	40.77014435695538	0.8
1885	70.0	40.76887287024902	0.8
1886	75.0	40.771138743455495	0.8
1887	75.0	40.76921568627451	0.8
1888	80.0	40.76677545691906	0.8
1889	80.0	40.76890482398957	0.8
1890	80.0	40.7703125	0.8
1891	70.0	40.76931079323797	0.8
1892	80.0	40.76850649350649	0.8
1893	70.0	40.769195849546044	0.8
1894	75.0	40.77487046632125	0.8
1895	80.0	40.77535575679172	0.8
1896	70.0	40.77512919896641	0.8
1897	75.0	40.778451612903226	0.8
1898	70.0	40.78028350515464	0.8
1899	75.0	40.78030888030888	0.8
1900	75.0	40.779113110539846	0.8
1901	75.0	40.77901155327343	0.8
1902	75.0	40.78019230769231	0.8
1903	70.0	40.779257362355956	0.8
1904	75.0	40.774808184143225	0.8
1905	80.0	40.77330779054917	0.8
1906	80.0	40.77480867346939	0.8
1907	75.0	40.77445859872611	0.8
1908	80.0	40.77563613231552	0.8
1909	75.0	40.77541296060991	0.8
1910	85.0	40.77715736040609	0.8
1911	80.0	40.77839036755387	0.8
1912	80.0	40.77721518987342	0.8
1913	85.0	40.77269279393173	0.8
1914	80.0	40.77765151515152	0.8
1915	75.0	40.779634300126105	0.8
1916	70.0	40.778337531486144	0.8
1917	75.0	40.77905660377358	0.8
1918	75.0	40.778768844221105	0.8
1919	70.0	40.778419071518194	0.8
1920	75.0	40.77869674185464	0.8
1921	80.0	40.78078848560701	0.8
1922	75.0	40.779625	0.8
1923	70.0	40.77665418227216	0.8
1924	65.0	40.773940149625936	0.8
1925	65.0	40.77148194271482	0.8
1926	70.0	40.76946517412935	0.8
1927	70.0	40.76621118012422	0.8
1928	70.0	40.763895781637714	0.8
1929	70.0	40.76102850061958	0.8
1930	80.0	40.75761138613861	0.8
1931	75.0	40.7566131025958	0.8
1932	70.0	40.75530864197531	0.8
1933	80.0	40.753144266337856	0.8
1934	80.0	40.75788177339901	0.8
1935	70.0	40.758548585485855	0.8
1936	85.0	40.76517199017199	0.8
1937	75.0	40.76828220858896	0.8
1938	75.0	40.77138480392157	0.8
1939	70.0	40.77649938800489	0.8
1940	75.0	40.77848410757946	0.8
1941	65.0	40.77936507936508	0.8
1942	75.0	40.780243902439025	0.8
1943	70.0	40.78063337393423	0.8
1944	80.0	40.780778588807785	0.8
1945	75.0	40.782563791008506	0.8
1946	70.0	40.78258495145631	0.8
1947	75.0	40.779636363636364	0.8
1948	85.0	40.780629539951576	0.8
1949	70.0	40.778053204353085	0.8
1950	85.0	40.77820048309179	0.8
1951	70.0	40.778890229191795	0.8
1952	70.0	40.780060240963856	0.8
1953	75.0	40.77551143200963	0.8
1954	75.0	40.77980769230769	0.8
1955	70.0	40.780072028811524	0.8
1956	80.0	40.78075539568346	0.8
1957	80.0	40.781676646706586	0.8
1958	70.0	40.7828947368421	0.8
1959	80.0	40.781959378733575	0.8
1960	70.0	40.78066825775657	0.8
1961	70.0	40.778843861740164	0.8
1962	70.0	40.77857142857143	0.8
1963	70.0	40.77651605231867	0.8
1964	80.0	40.778266033254155	0.8
1965	70.0	40.780249110320284	0.8
1966	65.0	40.77494075829384	0.8
1967	75.0	40.773786982248524	0.8
1968	75.0	40.77417257683215	0.8
1969	70.0	40.771487603305786	0.8
1970	70.0	40.768985849056605	0.8
1971	75.0	40.764428739693756	0.8
1972	70.0	40.76441176470588	0.8
1973	70.0	40.76321974148061	0.8
1974	75.0	40.769366197183096	0.8
1975	70.0	40.772567409144195	0.8
1976	80.0	40.773302107728334	0.8
1977	80.0	40.77730994152047	0.8
1978	75.0	40.77897196261682	0.8
1979	80.0	40.78127187864644	0.8
1980	70.0	40.781585081585085	0.8
1981	75.0	40.781199068684515	0.8
1982	65.0	40.78139534883721	0.8
1983	75.0	40.77787456445993	0.8
1984	75.0	40.77888631090487	0.8
1985	70.0	40.77786790266512	0.8
1986	70.0	40.77685185185185	0.8
1987	80.0	40.77612716763006	0.8
1988	80.0	40.77678983833718	0.8
1989	75.0	40.7800461361015	0.8
1990	70.0	40.77926267281106	0.8
1991	75.0	40.780322209436136	0.8
1992	75.0	40.779310344827586	0.8
1993	75.0	40.78140068886338	0.8
1994	75.0	40.78308486238532	0.8
1995	80.0	40.78528064146621	0.8
1996	65.0	40.782780320366136	0.8
1997	80.0	40.78434285714286	0.8
1998	75.0	40.779737442922375	0.8
1999	75.0	40.77639680729761	0.8
2000	80.0	40.772266514806375	0.8
2001	70.0	40.76939704209329	0.8
2002	70.0	40.76653409090909	0.8
2003	75.0	40.7655505107832	0.8
2004	75.0	40.76264172335601	0.8
2005	70.0	40.76138165345414	0.8
2006	70.0	40.76018099547511	0.8
2007	70.0	40.75774011299435	0.8
2008	75.0	40.75874717832957	0.8
2009	75.0	40.76042841037204	0.8
2010	70.0	40.75664414414415	0.8
2011	70.0	40.75590551181102	0.8
2012	75.0	40.75741573033708	0.8
2013	75.0	40.758136924803594	0.8
2014	80.0	40.7642937219731	0.8
2015	80.0	40.76870100783874	0.8
2016	80.0	40.77231543624161	0.8
2017	70.0	40.77519553072626	0.8
2018	70.0	40.77410714285714	0.8
2019	65.0	40.770958751393536	0.8
2020	70.0	40.77121380846325	0.8
2021	75.0	40.771357063403784	0.8
2022	85.0	40.77238888888889	0.8
2023	75.0	40.77186459489456	0.8
2024	70.0	40.769955654102	0.8
2025	70.0	40.77065337763012	0.8
2026	65.0	40.771570796460175	0.8
2027	70.0	40.771160220994474	0.8
2028	75.0	40.769646799117	0.8
2029	75.0	40.77122381477398	0.8
2030	65.0	40.77009911894273	0.8
2031	75.0	40.76941694169417	0.8
2032	75.0	40.768846153846155	0.8
2033	60.0	40.766520307354554	0.8
2034	80.0	40.77264254385965	0.8
2035	80.0	40.774096385542165	0.8
2036	70.0	40.773577680525165	0.8
2037	75.0	40.77311475409836	0.8
2038	85.0	40.775109170305676	0.8
2039	80.0	40.778298800436204	0.8
2040	70.0	40.780174291939	0.8
2041	75.0	40.77671381936888	0.8
2042	75.0	40.776413043478264	0.8
2043	75.0	40.775787187839306	0.8
2044	80.0	40.7765726681128	0.8
2045	80.0	40.77323943661972	0.8
2046	70.0	40.77375541125541	0.8
2047	85.0	40.77308108108108	0.8
2048	75.0	40.77397408207344	0.8
2049	70.0	40.76936353829558	0.8
2050	75.0	40.770366379310346	0.8
2051	70.0	40.767007534983854	0.8
2052	75.0	40.76521505376344	0.8
2053	75.0	40.760848549946296	0.8
2054	85.0	40.76577253218884	0.8
2055	75.0	40.768810289389066	0.8
2056	75.0	40.7698608137045	0.8
2057	70.0	40.7724064171123	0.8
2058	70.0	40.77494658119658	0.8
2059	75.0	40.77614727854856	0.8
2060	75.0	40.77878464818763	0.8
2061	75.0	40.77689030883919	0.8
2062	70.0	40.78058510638298	0.8
2063	85.0	40.78193411264612	0.8
2064	65.0	40.78009554140127	0.8
2065	75.0	40.77788971367975	0.8
2066	75.0	40.77664194915254	0.8
2067	70.0	40.77931216931217	0.8
2068	70.0	40.77848837209302	0.8
2069	80.0	40.77993664202746	0.8
2070	75.0	40.78080168776371	0.8
2071	75.0	40.78071654373024	0.8
2072	80.0	40.78094736842105	0.8
2073	75.0	40.78286014721346	0.8
2074	80.0	40.78560924369748	0.8
2075	75.0	40.78856243441763	0.8
2076	80.0	40.793501048218026	0.8
2077	70.0	40.79633507853403	0.8
2078	80.0	40.798221757322175	0.8
2079	75.0	40.79791013584117	0.8
2080	80.0	40.79786012526096	0.8
2081	70.0	40.79906152241919	0.8
2082	70.0	40.8	0.8
2083	75.0	40.80104058272633	0.8
2084	70.0	40.80119542619543	0.8
2085	75.0	40.80072689511942	0.8
2086	75.0	40.80171161825726	0.8
2087	75.0	40.80067357512954	0.8
2088	80.0	40.79963768115942	0.8
2089	70.0	40.79715615305067	0.8
2090	70.0	40.799070247933884	0.8
2091	70.0	40.79855521155831	0.8
2092	70.0	40.79871134020618	0.8
2093	70.0	40.799639546858906	0.8
2094	80.0	40.80560699588477	0.8
2095	75.0	40.80853031860226	0.8
2096	75.0	40.8097022587269	0.8
2097	70.0	40.810205128205126	0.8
2098	70.0	40.81275614754098	0.8
2099	70.0	40.813306038894574	0.8
2100	70.0	40.81226993865031	0.8
2101	70.0	40.80858018386108	0.8
2102	70.0	40.806785714285716	0.8
2103	75.0	40.80703363914373	0.8
2104	75.0	40.80855397148676	0.8
2105	70.0	40.80991861648016	0.8
2106	80.0	40.80924796747968	0.8
2107	70.0	40.80984771573604	0.8
2108	75.0	40.81049695740365	0.8
2109	80.0	40.811398176291796	0.8
2110	70.0	40.8121963562753	0.8
2111	70.0	40.8103134479272	0.8
2112	70.0	40.8090404040404	0.8
2113	75.0	40.81079717457114	0.8
2114	75.0	40.81381048387097	0.8
2115	70.0	40.81309164149043	0.8
2116	75.0	40.81644869215292	0.8
2117	70.0	40.81778894472362	0.8
2118	80.0	40.821435742971886	0.8
2119	70.0	40.82136409227683	0.8
2120	75.0	40.82189378757515	0.8
2121	70.0	40.82227227227227	0.8
2122	75.0	40.8237	0.8
2123	80.0	40.82567432567433	0.8
2124	75.0	40.82450099800399	0.8
2125	70.0	40.82088733798604	0.8
2126	70.0	40.82221115537848	0.8
2127	75.0	40.82049751243781	0.8
2128	70.0	40.81928429423459	0.8
2129	70.0	40.817328699106255	0.8
2130	70.0	40.81641865079365	0.8
2131	85.0	40.814816650148664	0.8
2132	75.0	40.815049504950494	0.8
2133	80.0	40.81795252225519	0.8
2134	70.0	40.82322134387352	0.8
2135	75.0	40.825271470878576	0.8
2136	75.0	40.82495069033531	0.8
2137	75.0	40.826059113300495	0.8
2138	70.0	40.826181102362206	0.8
2139	70.0	40.829203539823006	0.8
2140	70.0	40.8299115913556	0.8
2141	70.0	40.83081452404318	0.8
2142	80.0	40.8296568627451	0.8
2143	75.0	40.829333986287956	0.8
2144	70.0	40.83165362035225	0.8
2145	75.0	40.830009775171064	0.8
2146	70.0	40.830419921875	0.8
2147	75.0	40.830390243902436	0.8
2148	70.0	40.82997076023392	0.8
2149	75.0	40.828675754625124	0.8
2150	70.0	40.827091439688715	0.8
2151	75.0	40.825996112730806	0.8
2152	75.0	40.82563106796116	0.8
2153	65.0	40.825800193986424	0.8
2154	75.0	40.83013565891473	0.8
2155	75.0	40.833688286544046	0.8
2156	80.0	40.83679883945842	0.8
2157	75.0	40.83971014492754	0.8
2158	80.0	40.84058880308881	0.8
2159	80.0	40.842140790742526	0.8
2160	70.0	40.84306358381503	0.8
2161	70.0	40.84542829643888	0.8
2162	75.0	40.84596153846154	0.8
2163	85.0	40.84774255523535	0.8
2164	80.0	40.849952015355086	0.8
2165	80.0	40.84875359539789	0.8
2166	70.0	40.848467432950194	0.8
2167	65.0	40.84693779904306	0.8
2168	75.0	40.84622370936903	0.8
2169	75.0	40.84746895893028	0.8
2170	65.0	40.84522900763359	0.8
2171	70.0	40.8419447092469	0.8
2172	90.0	40.83990476190476	0.8
2173	75.0	40.839343482397716	0.8
2174	70.0	40.8412072243346	0.8
2175	70.0	40.84411206077873	0.8
2176	75.0	40.844307400379506	0.8
2177	75.0	40.845971563981045	0.8
2178	85.0	40.84796401515152	0.8
2179	75.0	40.84829706717124	0.8
2180	75.0	40.84546313799622	0.8
2181	75.0	40.84357884796978	0.8
2182	75.0	40.84254716981132	0.8
2183	75.0	40.841988689915176	0.8
2184	70.0	40.838935969868174	0.8
2185	70.0	40.83579492003763	0.8
2186	70.0	40.834210526315786	0.8
2187	70.0	40.831267605633805	0.8
2188	70.0	40.83058161350844	0.8
2189	75.0	40.830224929709466	0.8
2190	80.0	40.83197565543071	0.8
